Timestamp,num_ues,IMSI,RNTI,,slicing_enabled,slice_id,slice_prb,power_multiplier,scheduling_policy,,dl_mcs,dl_n_samples,dl_buffer [bytes],tx_brate downlink [Mbps],tx_pkts downlink,tx_errors downlink (%),dl_cqi,,ul_mcs,ul_n_samples,ul_buffer [bytes],rx_brate uplink [Mbps],rx_pkts uplink,rx_errors uplink (%),ul_rssi,ul_sinr,phr,,sum_requested_prbs,sum_granted_prbs,,dl_pmi,dl_ri,ul_n,ul_turbo_iters
1677859470941,1,1010123456002,70,,0,0,0,1,0,,2.32,25,0,0.004736,7,0,6,,11.5714,28,0,0.1,8,0,0,35.593,31,,12,24,,0,0,0,1
1677859471191,1,1010123456002,70,,0,0,0,1,0,,3,12,0,0.004672,3,0,6,,11.381,21,0,0.1,6,0,0,36.1886,31,,8,15,,0,0,0,1
1677859471441,1,1010123456002,70,,0,0,0,1,0,,5,4,0,0.002016,1,0,6,,11,7,0,0.1,2,0,0,36.5553,31,,3,6,,0,0,0,1
1677859471691,1,1010123456002,70,,0,0,0,1,0,,0,0,0,0,0,0,6,,0,0,0,0,0,0,0,0,0,,0,0,,0,0,0,0
1677859471941,1,1010123456002,70,,0,0,0,1,0,,0,0,0,0,0,0,6,,0,0,0,0,0,0,0,0,0,,0,0,,0,0,0,0
1677859472191,1,1010123456002,70,,0,0,0,1,0,,0,0,0,0,0,0,6,,0,0,0,0,0,0,0,0,0,,0,0,,0,0,0,0
1677859472441,1,1010123456002,70,,0,0,0,1,0,,0,0,0,0,0,0,6,,0,0,0,0,0,0,0,0,0,,0,0,,0,0,0,0
1677859472691,1,1010123456002,70,,0,0,0,1,0,,0,0,0,0,0,0,6,,0,0,0,0,0,0,0,0,0,,0,0,,0,0,0,0
1677859472941,1,1010123456002,70,,0,0,0,1,0,,0,0,0,0,0,0,6,,0,0,0,0,0,0,0,0,0,,0,0,,0,0,0,0
1677859473191,1,1010123456002,70,,0,0,0,1,0,,0,0,0,0,0,0,6,,0,0,0,0,0,0,0,0,0,,0,0,,0,0,0,0
1677859473441,1,1010123456002,70,,0,0,0,1,0,,0,0,0,0,0,0,6,,0,0,0,0,0,0,0,0,0,,0,0,,0,0,0,0
1677859473691,1,1010123456002,70,,0,0,0,1,0,,0,0,0,0,0,0,6,,0,0,0,0,0,0,0,0,0,,0,0,,0,0,0,0
1677859473941,1,1010123456002,70,,0,0,0,1,0,,0,0,0,0,0,0,6,,0,0,0,0,0,0,0,0,0,,0,0,,0,0,0,0
1677859474191,1,1010123456002,70,,0,0,0,1,0,,0,0,0,0,0,0,6,,0,0,0,0,0,0,0,0,0,,0,0,,0,0,0,0
1677859474441,1,1010123456002,70,,0,0,0,1,0,,0,0,0,0,0,0,6,,0,0,0,0,0,0,0,0,0,,0,0,,0,0,0,0
1677859474691,1,1010123456002,70,,0,0,0,1,0,,0,0,0,0,0,0,6,,0,0,0,0,0,0,0,0,0,,0,0,,0,0,0,0
1677859474941,1,1010123456002,70,,0,0,0,1,0,,0,0,0,0,0,0,6,,0,0,0,0,0,0,0,0,0,,0,0,,0,0,0,0
1677859475191,1,1010123456002,70,,0,0,0,1,0,,0,0,0,0,0,0,6,,0,0,0,0,0,0,0,0,0,,0,0,,0,0,0,0
1677859475441,1,1010123456002,70,,0,0,0,1,0,,0,0,0,0,0,0,6,,0,0,0,0,0,0,0,0,0,,0,0,,0,0,0,0
1677859475691,1,1010123456002,70,,0,0,0,1,0,,0,0,0,0,0,0,6,,0,0,0,0,0,0,0,0,0,,0,0,,0,0,0,0
1677859475941,1,1010123456002,70,,0,0,0,1,0,,0,0,0,0,0,0,6,,0,0,0,0,0,0,0,0,0,,0,0,,0,0,0,0
1677859476191,1,1010123456002,70,,0,0,0,1,0,,0,0,0,0,0,0,6.14286,,0,0,0,0,0,0,0,0,0,,0,0,,0,0,0,0
1677859476441,1,1010123456002,70,,0,0,0,1,0,,0,0,0,0,0,0,6,,0,0,0,0,0,0,0,0,0,,0,0,,0,0,0,0
1677859476691,1,1010123456002,70,,0,0,0,1,0,,0,0,0,0,0,0,5.83333,,0,0,0,0,0,0,0,0,0,,0,0,,0,0,0,0
1677859476941,1,1010123456002,70,,0,0,0,1,0,,0,0,0,0,0,0,6,,0,0,0,0,0,0,0,0,0,,0,0,,0,0,0,0
1677859477191,1,1010123456002,70,,0,0,0,1,0,,0,0,0,0,0,0,6,,0,0,0,0,0,0,0,0,0,,0,0,,0,0,0,0
1677859477441,1,1010123456002,70,,0,0,0,1,0,,0,0,0,0,0,0,6,,0,0,0,0,0,0,0,0,0,,0,0,,0,0,0,0
1677859477691,1,1010123456002,70,,0,0,0,1,0,,0,0,0,0,0,0,6,,0,0,0,0,0,0,0,0,0,,0,0,,0,0,0,0
1677859477941,3,1010123456002,70,,0,0,0,1,0,,0,0,0,0,0,0,6,,0,0,0,0,0,0,0,0,0,,0,0,,0,0,0,0
1677859478191,3,1010123456002,70,,0,0,0,1,0,,0,0,0,0,0,0,6,,0,0,0,0,0,0,0,0,0,,0,0,,0,0,0,0
1677859478441,3,1010123456002,70,,0,0,0,1,0,,0,0,0,0,0,0,6,,0,0,0,0,0,0,0,0,0,,0,0,,0,0,0,0
1677859478691,3,1010123456002,70,,0,0,0,1,0,,0,0,0,0,0,0,6,,0,0,0,0,0,0,0,0,0,,0,0,,0,0,0,0
1677859478941,2,1010123456002,70,,0,0,0,1,0,,0,0,0,0,0,0,6,,0,0,0,0,0,0,0,0,0,,0,0,,0,0,0,0
1677859479191,2,1010123456002,70,,0,0,0,1,0,,0,0,0,0,0,0,6,,0,0,0,0,0,0,0,0,0,,0,0,,0,0,0,0
1677859479441,2,1010123456002,70,,0,0,0,1,0,,0,0,0,0,0,0,6,,0,0,0,0,0,0,0,0,0,,0,0,,0,0,0,0
1677859479691,2,1010123456002,70,,0,0,0,1,0,,0,0,0,0,0,0,6,,0,0,0,0,0,0,0,0,0,,0,0,,0,0,0,0
1677859479941,2,1010123456002,70,,0,0,0,1,0,,0,0,0,0,0,0,6,,0,0,0,0,0,0,0,0,0,,0,0,,0,0,0,0
1677859480191,2,1010123456002,70,,0,0,0,1,0,,0,0,0,0,0,0,6,,0,0,0,0,0,0,0,0,0,,0,0,,0,0,0,0
1677859480441,2,1010123456002,70,,0,0,0,1,0,,0,0,0,0,0,0,6,,0,0,0,0,0,0,0,0,0,,0,0,,0,0,0,0
1677859480691,2,1010123456002,70,,0,0,0,1,0,,0,0,0,0,0,0,6.16667,,0,0,0,0,0,0,0,0,0,,0,0,,0,0,0,0
1677859480941,2,1010123456002,70,,0,0,0,1,0,,0,0,0,0,0,0,6,,0,0,0,0,0,0,0,0,0,,0,0,,0,0,0,0
1677859481191,2,1010123456002,70,,0,0,0,1,0,,0,0,0,0,0,0,6,,0,0,0,0,0,0,0,0,0,,0,0,,0,0,0,0
1677859481441,2,1010123456002,70,,0,0,0,1,0,,0,0,0,0,0,0,6,,0,0,0,0,0,0,0,0,0,,0,0,,0,0,0,0
1677859481691,2,1010123456002,70,,0,0,0,1,0,,0,0,0,0,0,0,6,,0,0,0,0,0,0,0,0,0,,0,0,,0,0,0,0
1677859481941,2,1010123456002,70,,0,0,0,1,0,,0,0,0,0,0,0,6,,0,0,0,0,0,0,0,0,0,,0,0,,0,0,0,0
1677859482191,2,1010123456002,70,,0,0,0,1,0,,0,0,0,0,0,0,5.85714,,0,0,0,0,0,0,0,0,0,,0,0,,0,0,0,0
1677859482441,2,1010123456002,70,,0,0,0,1,0,,0,0,0,0,0,0,6,,0,0,0,0,0,0,0,0,0,,0,0,,0,0,0,0
1677859482691,2,1010123456002,70,,0,0,0,1,0,,0,0,0,0,0,0,6,,0,0,0,0,0,0,0,0,0,,0,0,,0,0,0,0
1677859482941,2,1010123456002,70,,0,0,0,1,0,,0,0,0,0,0,0,6,,0,0,0,0,0,0,0,0,0,,0,0,,0,0,0,0
1677859483191,2,1010123456002,70,,0,0,0,1,0,,0,0,0,0,0,0,6,,0,0,0,0,0,0,0,0,0,,0,0,,0,0,0,0
1677859483441,2,1010123456002,70,,0,0,0,1,0,,0,0,0,0,0,0,6,,0,0,0,0,0,0,0,0,0,,0,0,,0,0,0,0
1677859483691,2,1010123456002,70,,0,0,0,1,0,,0,0,0,0,0,0,6,,0,0,0,0,0,0,0,0,0,,0,0,,0,0,0,0
1677859483941,2,1010123456002,70,,0,0,0,1,0,,0,0,0,0,0,0,6,,0,0,0,0,0,0,0,0,0,,0,0,,0,0,0,0
1677859484191,2,1010123456002,70,,0,0,0,1,0,,0,0,0,0,0,0,6,,0,0,0,0,0,0,0,0,0,,0,0,,0,0,0,0
1677859484441,2,1010123456002,70,,0,0,0,1,0,,0,0,0,0,0,0,6,,0,0,0,0,0,0,0,0,0,,0,0,,0,0,0,0
1677859484691,2,1010123456002,70,,0,0,0,1,0,,0,3,0,0.003232,1,0,6,,13.2857,7,0,0.1,2,0,0,35.4906,31,,5,6,,0,0,0,1
1677859484941,3,1010123456002,70,,0,0,0,1,0,,0,0,0,0,0,0,6.5,,0,0,0,0,0,0,0,0,0,,0,0,,0,0,0,0
1677859485191,3,1010123456002,70,,0,0,0,1,0,,0,0,0,0,0,0,8.14286,,0,0,0,0,0,0,0,0,0,,0,0,,0,0,0,0
1677859485441,3,1010123456002,70,,0,0,0,1,0,,0,0,0,0,0,0,6,,0,0,0,0,0,0,0,0,0,,0,0,,0,0,0,0
1677859485691,3,1010123456002,70,,0,0,0,1,0,,8,4,0,0.003232,1,0,6.5,,13.2857,7,0,0.1,2,0,0,35.8519,31,,5,6,,0,0,0,1
1677859485941,3,1010123456002,70,,0,0,0,1,0,,0,0,0,0,0,0,9,,0,0,0,0,0,0,0,0,0,,0,0,,0,0,0,0
1677859486191,3,1010123456002,70,,0,0,0,1,0,,0,0,0,0,0,0,6.85714,,0,0,0,0,0,0,0,0,0,,0,0,,0,0,0,0
1677859486441,3,1010123456002,70,,0,0,0,1,0,,0,0,0,0,0,0,6.5,,0,0,0,0,0,0,0,0,0,,0,0,,0,0,0,0
1677859486691,3,1010123456002,70,,0,0,0,1,0,,0,0,0,0,0,0,6,,0,0,0,0,0,0,0,0,0,,0,0,,0,0,0,0
1677859486941,3,1010123456002,70,,0,0,0,1,0,,0,0,0,0,0,0,6.5,,0,0,0,0,0,0,0,0,0,,0,0,,0,0,0,0
1677859487191,3,1010123456002,70,,0,0,0,1,0,,0,0,0,0,0,0,9,,0,0,0,0,0,0,0,0,0,,0,0,,0,0,0,0
1677859487441,3,1010123456002,70,,0,0,0,1,0,,0,0,0,0,0,0,7.5,,0,0,0,0,0,0,0,0,0,,0,0,,0,0,0,0
1677859487691,3,1010123456002,70,,0,0,0,1,0,,0,0,0,0,0,0,5.5,,0,0,0,0,0,0,0,0,0,,0,0,,0,0,0,0
1677859487941,3,1010123456002,70,,0,0,0,1,0,,0,0,0,0,0,0,7,,0,0,0,0,0,0,0,0,0,,0,0,,0,0,0,0
1677859488191,3,1010123456002,70,,0,0,0,1,0,,0,0,0,0,0,0,7.5,,0,0,0,0,0,0,0,0,0,,0,0,,0,0,0,0
1677859488441,3,1010123456002,70,,0,0,0,1,0,,0,0,0,0,0,0,8,,0,0,0,0,0,0,0,0,0,,0,0,,0,0,0,0
1677859488691,3,1010123456002,70,,0,0,0,1,0,,0,0,0,0,0,0,6.5,,0,0,0,0,0,0,0,0,0,,0,0,,0,0,0,0
1677859488941,3,1010123456002,70,,0,0,0,1,0,,0,0,0,0,0,0,6.6,,0,0,0,0,0,0,0,0,0,,0,0,,0,0,0,0
1677859489191,3,1010123456002,70,,0,0,0,1,0,,0,0,0,0,0,0,7.28571,,0,0,0,0,0,0,0,0,0,,0,0,,0,0,0,0
1677859489441,3,1010123456002,70,,0,0,0,1,0,,0,0,0,0,0,0,7.16667,,0,0,0,0,0,0,0,0,0,,0,0,,0,0,0,0
1677859489691,3,1010123456002,70,,0,0,0,1,0,,0,0,0,0,0,0,7,,0,0,0,0,0,0,0,0,0,,0,0,,0,0,0,0
1677859489941,3,1010123456002,70,,0,0,0,1,0,,0,0,0,0,0,0,6.5,,0,0,0,0,0,0,0,0,0,,0,0,,0,0,0,0
1677859490191,3,1010123456002,70,,0,0,0,1,0,,0,0,0,0,0,0,6.85714,,0,0,0,0,0,0,0,0,0,,0,0,,0,0,0,0
1677859490441,3,1010123456002,70,,0,0,0,1,0,,0,0,0,0,0,0,6.5,,0,0,0,0,0,0,0,0,0,,0,0,,0,0,0,0
1677859490691,3,1010123456002,70,,0,0,0,1,0,,0,0,0,0,0,0,8.33333,,0,0,0,0,0,0,0,0,0,,0,0,,0,0,0,0
1677859490980,4,1010123456002,70,,0,0,0,1,0,,0,0,0,0,0,0,7.28571,,0,0,0,0,0,0,0,0,0,,0,0,,0,0,0,0
1677859491191,6,1010123456002,70,,0,0,0,1,0,,0,0,0,0,0,0,8.66667,,0,0,0,0,0,0,0,0,0,,0,0,,0,0,0,0
1677859491441,6,1010123456002,70,,0,0,0,1,0,,0,0,0,0,0,0,7.4,,0,0,0,0,0,0,0,0,0,,0,0,,0,0,0,0
1677859491691,6,1010123456002,70,,0,0,0,1,0,,0,0,0,0,0,0,6,,0,0,0,0,0,0,0,0,0,,0,0,,0,0,0,0
1677859491941,5,1010123456002,70,,0,0,0,1,0,,0,0,0,0,0,0,6.75,,0,0,0,0,0,0,0,0,0,,0,0,,0,0,0,0
1677859492191,4,1010123456002,70,,0,0,0,1,0,,0,0,0,0,0,0,5.85714,,0,0,0,0,0,0,0,0,0,,0,0,,0,0,0,0
1677859492441,4,1010123456002,70,,0,0,0,1,0,,0,0,0,0,0,0,6.2,,0,0,0,0,0,0,0,0,0,,0,0,,0,0,0,0
1677859492691,4,1010123456002,70,,0,0,0,1,0,,0,0,0,0,0,0,7,,0,0,0,0,0,0,0,0,0,,0,0,,0,0,0,0
1677859492941,4,1010123456002,70,,0,0,0,1,0,,0,0,0,0,0,0,6,,0,0,0,0,0,0,0,0,0,,0,0,,0,0,0,0
1677859493191,4,1010123456002,70,,0,0,0,1,0,,0,0,0,0,0,0,6.85714,,0,0,0,0,0,0,0,0,0,,0,0,,0,0,0,0
1677859493441,4,1010123456002,70,,0,0,0,1,0,,0,0,0,0,0,0,7.6,,0,0,0,0,0,0,0,0,0,,0,0,,0,0,0,0
1677859493691,4,1010123456002,70,,0,0,0,1,0,,0,0,0,0,0,0,7.5,,0,0,0,0,0,0,0,0,0,,0,0,,0,0,0,0
1677859493941,4,1010123456002,70,,0,0,0,1,0,,0,0,0,0,0,0,7,,0,0,0,0,0,0,0,0,0,,0,0,,0,0,0,0
1677859494191,4,1010123456002,70,,0,0,0,1,0,,0,0,0,0,0,0,6.33333,,0,0,0,0,0,0,0,0,0,,0,0,,0,0,0,0
1677859494441,4,1010123456002,70,,0,0,0,1,0,,0,0,0,0,0,0,6,,0,0,0,0,0,0,0,0,0,,0,0,,0,0,0,0
1677859494691,4,1010123456002,70,,0,0,0,1,0,,0,0,0,0,0,0,7,,0,0,0,0,0,0,0,0,0,,0,0,,0,0,0,0
1677859494941,4,1010123456002,70,,0,0,0,1,0,,0,0,0,0,0,0,7,,0,0,0,0,0,0,0,0,0,,0,0,,0,0,0,0
1677859495191,4,1010123456002,70,,0,0,0,1,0,,0,0,0,0,0,0,7.28571,,0,0,0,0,0,0,0,0,0,,0,0,,0,0,0,0
1677859495441,4,1010123456002,70,,0,0,0,1,0,,0,0,0,0,0,0,6.5,,0,0,0,0,0,0,0,0,0,,0,0,,0,0,0,0
1677859495691,4,1010123456002,70,,0,0,0,1,0,,0,0,0,0,0,0,6,,0,0,0,0,0,0,0,0,0,,0,0,,0,0,0,0
1677859495941,4,1010123456002,70,,0,0,0,1,0,,0,0,0,0,0,0,7,,0,0,0,0,0,0,0,0,0,,0,0,,0,0,0,0
1677859496191,4,1010123456002,70,,0,0,0,1,0,,0,0,0,0,0,0,7,,0,0,0,0,0,0,0,0,0,,0,0,,0,0,0,0
1677859496441,4,1010123456002,70,,0,0,0,1,0,,0,0,0,0,0,0,7.5,,0,0,0,0,0,0,0,0,0,,0,0,,0,0,0,0
1677859496691,4,1010123456002,70,,0,0,0,1,0,,0,0,0,0,0,0,6.6,,0,0,0,0,0,0,0,0,0,,0,0,,0,0,0,0
1677859496941,4,1010123456002,70,,0,0,0,1,0,,0,0,0,0,0,0,7.16667,,0,0,0,0,0,0,0,0,0,,0,0,,0,0,0,0
1677859497191,4,1010123456002,70,,0,0,0,1,0,,0,0,0,0,0,0,7.42857,,0,0,0,0,0,0,0,0,0,,0,0,,0,0,0,0
1677859497441,4,1010123456002,70,,0,0,0,1,0,,0,0,0,0,0,0,7.16667,,0,0,0,0,0,0,0,0,0,,0,0,,0,0,0,0
1677859497691,4,1010123456002,70,,0,0,0,1,0,,0,0,0,0,0,0,5.5,,0,0,0,0,0,0,0,0,0,,0,0,,0,0,0,0
1677859497941,4,1010123456002,70,,0,0,0,1,0,,0,0,0,0,0,0,6.5,,0,0,0,0,0,0,0,0,0,,0,0,,0,0,0,0
1677859498191,4,1010123456002,70,,0,0,0,1,0,,0,0,0,0,0,0,7.42857,,0,0,0,0,0,0,0,0,0,,0,0,,0,0,0,0
1677859498441,4,1010123456002,70,,0,0,0,1,0,,0,0,0,0,0,0,8.6,,0,0,0,0,0,0,0,0,0,,0,0,,0,0,0,0
1677859498691,4,1010123456002,70,,0,0,0,1,0,,0,0,0,0,0,0,5,,0,0,0,0,0,0,0,0,0,,0,0,,0,0,0,0
1677859498941,4,1010123456002,70,,0,0,0,1,0,,0,0,0,0,0,0,6.5,,0,0,0,0,0,0,0,0,0,,0,0,,0,0,0,0
1677859499191,4,1010123456002,70,,0,0,0,1,0,,0,0,0,0,0,0,8.66667,,0,0,0,0,0,0,0,0,0,,0,0,,0,0,0,0
1677859499441,4,1010123456002,70,,0,0,0,1,0,,0,0,0,0,0,0,8.6,,0,0,0,0,0,0,0,0,0,,0,0,,0,0,0,0
1677859499691,4,1010123456002,70,,0,0,0,1,0,,0,0,0,0,0,0,7.5,,0,0,0,0,0,0,0,0,0,,0,0,,0,0,0,0
1677859499941,4,1010123456002,70,,0,0,0,1,0,,0,0,0,0,0,0,7.16667,,0,0,0,0,0,0,0,0,0,,0,0,,0,0,0,0
1677859500191,4,1010123456002,70,,0,0,0,1,0,,0,0,0,0,0,0,6,,0,0,0,0,0,0,0,0,0,,0,0,,0,0,0,0
1677859500441,4,1010123456002,70,,0,0,0,1,0,,0,0,0,0,0,0,6.4,,0,0,0,0,0,0,0,0,0,,0,0,,0,0,0,0
1677859500691,4,1010123456002,70,,0,0,0,1,0,,0,0,0,0,0,0,7.2,,0,0,0,0,0,0,0,0,0,,0,0,,0,0,0,0
1677859500941,4,1010123456002,70,,0,0,0,1,0,,0,0,0,0,0,0,5.4,,0,0,0,0,0,0,0,0,0,,0,0,,0,0,0,0
1677859501191,4,1010123456002,70,,0,0,0,1,0,,0,0,0,0,0,0,5.5,,0,0,0,0,0,0,0,0,0,,0,0,,0,0,0,0
1677859501441,4,1010123456002,70,,0,0,0,1,0,,0,0,0,0,0,0,7,,0,0,0,0,0,0,0,0,0,,0,0,,0,0,0,0
1677859501691,4,1010123456002,70,,0,0,0,1,0,,0,0,0,0,0,0,8.66667,,0,0,0,0,0,0,0,0,0,,0,0,,0,0,0,0
1677859501941,4,1010123456002,70,,0,0,0,1,0,,0,0,0,0,0,0,6,,0,0,0,0,0,0,0,0,0,,0,0,,0,0,0,0
1677859502191,4,1010123456002,70,,0,0,0,1,0,,0,0,0,0,0,0,5,,0,0,0,0,0,0,0,0,0,,0,0,,0,0,0,0
1677859502441,4,1010123456002,70,,0,0,0,1,0,,0,0,0,0,0,0,6.5,,0,0,0,0,0,0,0,0,0,,0,0,,0,0,0,0
1677859502691,4,1010123456002,70,,0,0,0,1,0,,0,0,0,0,0,0,7.66667,,0,0,0,0,0,0,0,0,0,,0,0,,0,0,0,0
1677859502941,4,1010123456002,70,,0,0,0,1,0,,0,0,0,0,0,0,7,,0,0,0,0,0,0,0,0,0,,0,0,,0,0,0,0
1677859503191,4,1010123456002,70,,0,0,0,1,0,,0,0,0,0,0,0,7,,0,0,0,0,0,0,0,0,0,,0,0,,0,0,0,0
1677859503441,4,1010123456002,70,,0,0,0,1,0,,0,0,0,0,0,0,8.2,,0,0,0,0,0,0,0,0,0,,0,0,,0,0,0,0
1677859503691,4,1010123456002,70,,0,0,0,1,0,,0,0,0,0,0,0,6.6,,0,0,0,0,0,0,0,0,0,,0,0,,0,0,0,0
1677859503941,4,1010123456002,70,,0,0,0,1,0,,0,0,0,0,0,0,7.33333,,0,0,0,0,0,0,0,0,0,,0,0,,0,0,0,0
1677859504191,4,1010123456002,70,,0,0,0,1,0,,0,0,0,0,0,0,6,,0,0,0,0,0,0,0,0,0,,0,0,,0,0,0,0
1677859504441,4,1010123456002,70,,0,0,0,1,0,,0,0,0,0,0,0,7.33333,,0,0,0,0,0,0,0,0,0,,0,0,,0,0,0,0
1677859504691,4,1010123456002,70,,0,0,0,1,0,,0,0,0,0,0,0,6.66667,,0,0,0,0,0,0,0,0,0,,0,0,,0,0,0,0
1677859504941,4,1010123456002,70,,0,0,0,1,0,,0,0,0,0,0,0,5,,0,0,0,0,0,0,0,0,0,,0,0,,0,0,0,0
1677859505191,4,1010123456002,70,,0,0,0,1,0,,0,0,0,0,0,0,6,,0,0,0,0,0,0,0,0,0,,0,0,,0,0,0,0
1677859505441,4,1010123456002,70,,0,0,0,1,0,,0,0,0,0,0,0,8.8,,0,0,0,0,0,0,0,0,0,,0,0,,0,0,0,0
1677859505691,4,1010123456002,70,,0,0,0,1,0,,0,0,0,0,0,0,6.5,,0,0,0,0,0,0,0,0,0,,0,0,,0,0,0,0
1677859505941,4,1010123456002,70,,0,0,0,1,0,,0,0,0,0,0,0,8.33333,,0,0,0,0,0,0,0,0,0,,0,0,,0,0,0,0
1677859506191,4,1010123456002,70,,0,0,0,1,0,,0,0,0,0,0,0,6.85714,,0,0,0,0,0,0,0,0,0,,0,0,,0,0,0,0
1677859506441,4,1010123456002,70,,0,0,0,1,0,,0,0,0,0,0,0,6,,0,0,0,0,0,0,0,0,0,,0,0,,0,0,0,0
1677859506691,4,1010123456002,70,,0,0,0,1,0,,0,0,0,0,0,0,8,,0,0,0,0,0,0,0,0,0,,0,0,,0,0,0,0
1677859506941,4,1010123456002,70,,0,0,0,1,0,,0,0,0,0,0,0,5.83333,,0,0,0,0,0,0,0,0,0,,0,0,,0,0,0,0
1677859507191,4,1010123456002,70,,0,0,0,1,0,,0,0,0,0,0,0,5.85714,,0,0,0,0,0,0,0,0,0,,0,0,,0,0,0,0
1677859507441,4,1010123456002,70,,0,0,0,1,0,,0,0,0,0,0,0,6.83333,,0,0,0,0,0,0,0,0,0,,0,0,,0,0,0,0
1677859507691,4,1010123456002,70,,0,0,0,1,0,,0,0,0,0,0,0,8.16667,,0,0,0,0,0,0,0,0,0,,0,0,,0,0,0,0
1677859507941,4,1010123456002,70,,0,0,0,1,0,,0,0,0,0,0,0,8.2,,0,0,0,0,0,0,0,0,0,,0,0,,0,0,0,0
1677859508191,4,1010123456002,70,,0,0,0,1,0,,0,0,0,0,0,0,6.42857,,0,0,0,0,0,0,0,0,0,,0,0,,0,0,0,0
1677859508441,4,1010123456002,70,,0,0,0,1,0,,0,0,0,0,0,0,6,,0,0,0,0,0,0,0,0,0,,0,0,,0,0,0,0
1677859508691,4,1010123456002,70,,0,0,0,1,0,,0,0,0,0,0,0,7.33333,,0,0,0,0,0,0,0,0,0,,0,0,,0,0,0,0
1677859508941,4,1010123456002,70,,0,0,0,1,0,,0,0,0,0,0,0,7.8,,0,0,0,0,0,0,0,0,0,,0,0,,0,0,0,0
1677859509191,4,1010123456002,70,,0,0,0,1,0,,0,0,0,0,0,0,5.83333,,0,0,0,0,0,0,0,0,0,,0,0,,0,0,0,0
1677859509441,4,1010123456002,70,,0,0,0,1,0,,0,0,0,0,0,0,7.83333,,0,0,0,0,0,0,0,0,0,,0,0,,0,0,0,0
1677859509691,4,1010123456002,70,,0,0,0,1,0,,0,0,0,0,0,0,6.5,,0,0,0,0,0,0,0,0,0,,0,0,,0,0,0,0
1677859509941,4,1010123456002,70,,0,0,0,1,0,,0,0,0,0,0,0,7.2,,0,0,0,0,0,0,0,0,0,,0,0,,0,0,0,0
1677859510191,4,1010123456002,70,,0,0,0,1,0,,0,0,0,0,0,0,6.42857,,0,0,0,0,0,0,0,0,0,,0,0,,0,0,0,0
1677859510441,4,1010123456002,70,,0,0,0,1,0,,0,0,0,0,0,0,7,,0,0,0,0,0,0,0,0,0,,0,0,,0,0,0,0
1677859510691,4,1010123456002,70,,0,0,0,1,0,,0,0,0,0,0,0,5.83333,,0,0,0,0,0,0,0,0,0,,0,0,,0,0,0,0
1677859510941,4,1010123456002,70,,0,0,0,1,0,,0,0,0,0,0,0,7.5,,0,0,0,0,0,0,0,0,0,,0,0,,0,0,0,0
1677859511191,4,1010123456002,70,,0,0,0,1,0,,0,0,0,0,0,0,7.42857,,0,0,0,0,0,0,0,0,0,,0,0,,0,0,0,0
1677859511441,4,1010123456002,70,,0,0,0,1,0,,0,0,0,0,0,0,8.66667,,0,0,0,0,0,0,0,0,0,,0,0,,0,0,0,0
1677859511691,4,1010123456002,70,,0,0,0,1,0,,0,0,0,0,0,0,7.66667,,0,0,0,0,0,0,0,0,0,,0,0,,0,0,0,0
1677859511941,4,1010123456002,70,,0,0,0,1,0,,0,0,0,0,0,0,6.83333,,0,0,0,0,0,0,0,0,0,,0,0,,0,0,0,0
1677859512191,4,1010123456002,70,,0,0,0,1,0,,0,0,0,0,0,0,7.42857,,0,0,0,0,0,0,0,0,0,,0,0,,0,0,0,0
1677859512441,4,1010123456002,70,,0,0,0,1,0,,0,0,0,0,0,0,6.6,,0,0,0,0,0,0,0,0,0,,0,0,,0,0,0,0
1677859512691,4,1010123456002,70,,0,0,0,1,0,,0,0,0,0,0,0,5.33333,,0,0,0,0,0,0,0,0,0,,0,0,,0,0,0,0
1677859512941,4,1010123456002,70,,0,0,0,1,0,,0,0,0,0,0,0,6.5,,0,0,0,0,0,0,0,0,0,,0,0,,0,0,0,0
1677859513191,4,1010123456002,70,,0,0,0,1,0,,0,0,0,0,0,0,6,,0,0,0,0,0,0,0,0,0,,0,0,,0,0,0,0
1677859513441,4,1010123456002,70,,0,0,0,1,0,,0,0,0,0,0,0,7,,0,0,0,0,0,0,0,0,0,,0,0,,0,0,0,0
1677859513691,4,1010123456002,70,,0,0,0,1,0,,0,0,0,0,0,0,6,,0,0,0,0,0,0,0,0,0,,0,0,,0,0,0,0
1677859513941,4,1010123456002,70,,0,0,0,1,0,,0,0,0,0,0,0,6,,0,0,0,0,0,0,0,0,0,,0,0,,0,0,0,0
1677859514191,4,1010123456002,70,,0,0,0,1,0,,0,0,0,0,0,0,7.14286,,0,0,0,0,0,0,0,0,0,,0,0,,0,0,0,0
1677859514441,4,1010123456002,70,,0,0,0,1,0,,0,0,0,0,0,0,7.8,,0,0,0,0,0,0,0,0,0,,0,0,,0,0,0,0
1677859514691,4,1010123456002,70,,0,0,0,1,0,,0,0,0,0,0,0,7.16667,,0,0,0,0,0,0,0,0,0,,0,0,,0,0,0,0
1677859514941,4,1010123456002,70,,0,0,0,1,0,,0,0,0,0,0,0,7.66667,,0,0,0,0,0,0,0,0,0,,0,0,,0,0,0,0
1677859515191,4,1010123456002,70,,0,0,0,1,0,,0,0,0,0,0,0,7.71429,,0,0,0,0,0,0,0,0,0,,0,0,,0,0,0,0
1677859515441,4,1010123456002,70,,0,0,0,1,0,,0,0,0,0,0,0,6.6,,0,0,0,0,0,0,0,0,0,,0,0,,0,0,0,0
1677859515691,4,1010123456002,70,,0,0,0,1,0,,0,0,0,0,0,0,6.4,,0,0,0,0,0,0,0,0,0,,0,0,,0,0,0,0
1677859515941,4,1010123456002,70,,0,0,0,1,0,,0,0,0,0,0,0,7,,0,0,0,0,0,0,0,0,0,,0,0,,0,0,0,0
1677859516191,4,1010123456002,70,,0,0,0,1,0,,0,0,0,0,0,0,6.85714,,0,0,0,0,0,0,0,0,0,,0,0,,0,0,0,0
1677859516441,4,1010123456002,70,,0,0,0,1,0,,0,0,0,0,0,0,8,,0,0,0,0,0,0,0,0,0,,0,0,,0,0,0,0
1677859516691,4,1010123456002,70,,0,0,0,1,0,,0,0,0,0,0,0,6.5,,0,0,0,0,0,0,0,0,0,,0,0,,0,0,0,0
1677859516941,4,1010123456002,70,,0,0,0,1,0,,0,0,0,0,0,0,8,,0,0,0,0,0,0,0,0,0,,0,0,,0,0,0,0
1677859517191,4,1010123456002,70,,0,0,0,1,0,,0,0,0,0,0,0,6.14286,,0,0,0,0,0,0,0,0,0,,0,0,,0,0,0,0
1677859517441,4,1010123456002,70,,0,0,0,1,0,,0,0,0,0,0,0,7.66667,,0,0,0,0,0,0,0,0,0,,0,0,,0,0,0,0
1677859517691,4,1010123456002,70,,0,0,0,1,0,,0,0,0,0,0,0,6.5,,0,0,0,0,0,0,0,0,0,,0,0,,0,0,0,0
1677859517941,4,1010123456002,70,,0,0,0,1,0,,0,0,0,0,0,0,5.2,,0,0,0,0,0,0,0,0,0,,0,0,,0,0,0,0
1677859518191,4,1010123456002,70,,0,0,0,1,0,,0,0,0,0,0,0,6.5,,0,0,0,0,0,0,0,0,0,,0,0,,0,0,0,0
1677859518441,4,1010123456002,70,,0,0,0,1,0,,0,0,0,0,0,0,6,,0,0,0,0,0,0,0,0,0,,0,0,,0,0,0,0
1677859518691,4,1010123456002,70,,0,0,0,1,0,,0,0,0,0,0,0,8.25,,0,0,0,0,0,0,0,0,0,,0,0,,0,0,0,0
1677859518941,4,1010123456002,70,,0,0,0,1,0,,0,0,0,0,0,0,7.33333,,0,0,0,0,0,0,0,0,0,,0,0,,0,0,0,0
1677859519191,4,1010123456002,70,,0,0,0,1,0,,0,0,0,0,0,0,7.28571,,0,0,0,0,0,0,0,0,0,,0,0,,0,0,0,0
1677859519441,4,1010123456002,70,,0,0,0,1,0,,0,0,0,0,0,0,5.4,,0,0,0,0,0,0,0,0,0,,0,0,,0,0,0,0
1677859519691,4,1010123456002,70,,0,0,0,1,0,,0,0,0,0,0,0,4.33333,,0,0,0,0,0,0,0,0,0,,0,0,,0,0,0,0
1677859519941,4,1010123456002,70,,0,0,0,1,0,,0,0,0,0,0,0,7.8,,0,0,0,0,0,0,0,0,0,,0,0,,0,0,0,0
1677859520191,4,1010123456002,70,,0,0,0,1,0,,0,0,0,0,0,0,5.42857,,0,0,0,0,0,0,0,0,0,,0,0,,0,0,0,0
1677859520441,4,1010123456002,70,,0,0,0,1,0,,0,0,0,0,0,0,5.2,,0,0,0,0,0,0,0,0,0,,0,0,,0,0,0,0
1677859520691,4,1010123456002,70,,0,0,0,1,0,,0,0,0,0,0,0,9,,0,0,0,0,0,0,0,0,0,,0,0,,0,0,0,0
1677859520941,4,1010123456002,70,,0,0,0,1,0,,0,0,0,0,0,0,6.5,,0,0,0,0,0,0,0,0,0,,0,0,,0,0,0,0
1677859521191,4,1010123456002,70,,0,0,0,1,0,,0,0,0,0,0,0,6,,0,0,0,0,0,0,0,0,0,,0,0,,0,0,0,0
1677859521441,4,1010123456002,70,,0,0,0,1,0,,0,0,0,0,0,0,6,,0,0,0,0,0,0,0,0,0,,0,0,,0,0,0,0
1677859521691,4,1010123456002,70,,0,0,0,1,0,,0,0,0,0,0,0,8,,0,0,0,0,0,0,0,0,0,,0,0,,0,0,0,0
1677859521941,4,1010123456002,70,,0,0,0,1,0,,0,0,0,0,0,0,6.16667,,0,0,0,0,0,0,0,0,0,,0,0,,0,0,0,0
1677859522191,4,1010123456002,70,,0,0,0,1,0,,0,0,0,0,0,0,5.42857,,0,0,0,0,0,0,0,0,0,,0,0,,0,0,0,0
1677859522441,4,1010123456002,70,,0,0,0,1,0,,0,0,0,0,0,0,7.83333,,0,0,0,0,0,0,0,0,0,,0,0,,0,0,0,0
1677859522691,4,1010123456002,70,,0,0,0,1,0,,0,0,0,0,0,0,8.2,,0,0,0,0,0,0,0,0,0,,0,0,,0,0,0,0
1677859522941,4,1010123456002,70,,0,0,0,1,0,,0,0,0,0,0,0,6.5,,0,0,0,0,0,0,0,0,0,,0,0,,0,0,0,0
1677859523191,4,1010123456002,70,,0,0,0,1,0,,0,0,0,0,0,0,7,,0,0,0,0,0,0,0,0,0,,0,0,,0,0,0,0
1677859523441,4,1010123456002,70,,0,0,0,1,0,,0,0,0,0,0,0,8.66667,,0,0,0,0,0,0,0,0,0,,0,0,,0,0,0,0
1677859523691,4,1010123456002,70,,0,0,0,1,0,,0,0,0,0,0,0,7.66667,,0,0,0,0,0,0,0,0,0,,0,0,,0,0,0,0
1677859523941,4,1010123456002,70,,0,0,0,1,0,,0,0,0,0,0,0,6.5,,0,0,0,0,0,0,0,0,0,,0,0,,0,0,0,0
1677859524191,4,1010123456002,70,,0,0,0,1,0,,0,0,0,0,0,0,6.5,,0,0,0,0,0,0,0,0,0,,0,0,,0,0,0,0
1677859524441,4,1010123456002,70,,0,0,0,1,0,,0,0,0,0,0,0,6,,0,0,0,0,0,0,0,0,0,,0,0,,0,0,0,0
1677859524691,4,1010123456002,70,,0,0,0,1,0,,0,0,0,0,0,0,8,,0,0,0,0,0,0,0,0,0,,0,0,,0,0,0,0
1677859524941,4,1010123456002,70,,0,0,0,1,0,,0,0,0,0,0,0,6,,0,0,0,0,0,0,0,0,0,,0,0,,0,0,0,0
1677859525191,4,1010123456002,70,,0,0,0,1,0,,0,0,0,0,0,0,5.85714,,0,0,0,0,0,0,0,0,0,,0,0,,0,0,0,0
1677859525441,4,1010123456002,70,,0,0,0,1,0,,0,0,0,0,0,0,6.5,,0,0,0,0,0,0,0,0,0,,0,0,,0,0,0,0
1677859525691,4,1010123456002,70,,0,0,0,1,0,,0,0,0,0,0,0,6.5,,0,0,0,0,0,0,0,0,0,,0,0,,0,0,0,0
1677859525941,4,1010123456002,70,,0,0,0,1,0,,0,0,0,0,0,0,6.83333,,0,0,0,0,0,0,0,0,0,,0,0,,0,0,0,0
1677859526191,4,1010123456002,70,,0,0,0,1,0,,0,0,0,0,0,0,7,,0,0,0,0,0,0,0,0,0,,0,0,,0,0,0,0
1677859526441,4,1010123456002,70,,0,0,0,1,0,,0,0,0,0,0,0,7.6,,0,0,0,0,0,0,0,0,0,,0,0,,0,0,0,0
1677859526691,4,1010123456002,70,,0,0,0,1,0,,0,0,0,0,0,0,5.8,,0,0,0,0,0,0,0,0,0,,0,0,,0,0,0,0
1677859526941,4,1010123456002,70,,0,0,0,1,0,,0,0,0,0,0,0,6,,0,0,0,0,0,0,0,0,0,,0,0,,0,0,0,0
1677859527191,4,1010123456002,70,,0,0,0,1,0,,0,0,0,0,0,0,5.14286,,0,0,0,0,0,0,0,0,0,,0,0,,0,0,0,0
1677859527441,4,1010123456002,70,,0,0,0,1,0,,0,0,0,0,0,0,4.8,,0,0,0,0,0,0,0,0,0,,0,0,,0,0,0,0
1677859527691,4,1010123456002,70,,0,0,0,1,0,,0,0,0,0,0,0,6.5,,0,0,0,0,0,0,0,0,0,,0,0,,0,0,0,0
1677859527941,4,1010123456002,70,,0,0,0,1,0,,0,0,0,0,0,0,5.75,,0,0,0,0,0,0,0,0,0,,0,0,,0,0,0,0
1677859528191,4,1010123456002,70,,0,0,0,1,0,,0,0,0,0,0,0,5,,0,0,0,0,0,0,0,0,0,,0,0,,0,0,0,0
1677859528441,4,1010123456002,70,,0,0,0,1,0,,0,0,0,0,0,0,6.6,,0,0,0,0,0,0,0,0,0,,0,0,,0,0,0,0
1677859528691,4,1010123456002,70,,0,0,0,1,0,,0,0,0,0,0,0,8,,0,0,0,0,0,0,0,0,0,,0,0,,0,0,0,0
1677859528941,4,1010123456002,70,,0,0,0,1,0,,0,0,0,0,0,0,6.5,,0,0,0,0,0,0,0,0,0,,0,0,,0,0,0,0
1677859529191,4,1010123456002,70,,0,0,0,1,0,,0,0,0,0,0,0,8,,0,0,0,0,0,0,0,0,0,,0,0,,0,0,0,0
1677859529441,4,1010123456002,70,,0,0,0,1,0,,0,0,0,0,0,0,5.5,,0,0,0,0,0,0,0,0,0,,0,0,,0,0,0,0
1677859529691,4,1010123456002,70,,0,0,0,1,0,,0,0,0,0,0,0,7,,0,0,0,0,0,0,0,0,0,,0,0,,0,0,0,0
1677859529941,4,1010123456002,70,,0,0,0,1,0,,0,0,0,0,0,0,6,,0,0,0,0,0,0,0,0,0,,0,0,,0,0,0,0
1677859530191,4,1010123456002,70,,0,0,0,1,0,,0,0,0,0,0,0,7.42857,,0,0,0,0,0,0,0,0,0,,0,0,,0,0,0,0
1677859530441,4,1010123456002,70,,0,0,0,1,0,,0,0,0,0,0,0,5,,0,0,0,0,0,0,0,0,0,,0,0,,0,0,0,0
1677859530691,4,1010123456002,70,,0,0,0,1,0,,0,0,0,0,0,0,6.33333,,0,0,0,0,0,0,0,0,0,,0,0,,0,0,0,0
1677859530941,4,1010123456002,70,,0,0,0,1,0,,0,0,0,0,0,0,6.83333,,0,0,0,0,0,0,0,0,0,,0,0,,0,0,0,0
1677859531191,4,1010123456002,70,,0,0,0,1,0,,0,0,0,0,0,0,5.85714,,0,0,0,0,0,0,0,0,0,,0,0,,0,0,0,0
1677859531441,4,1010123456002,70,,0,0,0,1,0,,0,0,0,0,0,0,6,,0,0,0,0,0,0,0,0,0,,0,0,,0,0,0,0
1677859531691,4,1010123456002,70,,0,0,0,1,0,,0,0,0,0,0,0,6,,0,0,0,0,0,0,0,0,0,,0,0,,0,0,0,0
1677859531941,4,1010123456002,70,,0,0,0,1,0,,0,0,0,0,0,0,6.83333,,0,0,0,0,0,0,0,0,0,,0,0,,0,0,0,0
1677859532191,4,1010123456002,70,,0,0,0,1,0,,0,0,0,0,0,0,6.85714,,0,0,0,0,0,0,0,0,0,,0,0,,0,0,0,0
1677859532441,4,1010123456002,70,,0,0,0,1,0,,0,0,0,0,0,0,7,,0,0,0,0,0,0,0,0,0,,0,0,,0,0,0,0
1677859532691,4,1010123456002,70,,0,0,0,1,0,,0,0,0,0,0,0,7.2,,0,0,0,0,0,0,0,0,0,,0,0,,0,0,0,0
1677859532941,4,1010123456002,70,,0,0,0,1,0,,0,0,0,0,0,0,6.5,,0,0,0,0,0,0,0,0,0,,0,0,,0,0,0,0
1677859533191,4,1010123456002,70,,0,0,0,1,0,,0,0,0,0,0,0,6,,0,0,0,0,0,0,0,0,0,,0,0,,0,0,0,0
1677859533441,4,1010123456002,70,,0,0,0,1,0,,0,0,0,0,0,0,7.33333,,0,0,0,0,0,0,0,0,0,,0,0,,0,0,0,0
1677859533691,4,1010123456002,70,,0,0,0,1,0,,0,0,0,0,0,0,6.6,,0,0,0,0,0,0,0,0,0,,0,0,,0,0,0,0
1677859533941,4,1010123456002,70,,0,0,0,1,0,,0,0,0,0,0,0,7.2,,0,0,0,0,0,0,0,0,0,,0,0,,0,0,0,0
1677859534191,4,1010123456002,70,,0,0,0,1,0,,0,0,0,0,0,0,7,,0,0,0,0,0,0,0,0,0,,0,0,,0,0,0,0
1677859534441,4,1010123456002,70,,0,0,0,1,0,,0,0,0,0,0,0,7.66667,,0,0,0,0,0,0,0,0,0,,0,0,,0,0,0,0
1677859534691,4,1010123456002,70,,0,0,0,1,0,,0,0,0,0,0,0,7.2,,0,0,0,0,0,0,0,0,0,,0,0,,0,0,0,0
1677859534941,4,1010123456002,70,,0,0,0,1,0,,0,0,0,0,0,0,6.6,,0,0,0,0,0,0,0,0,0,,0,0,,0,0,0,0
1677859535191,4,1010123456002,70,,0,0,0,1,0,,0,0,0,0,0,0,5.14286,,0,0,0,0,0,0,0,0,0,,0,0,,0,0,0,0
1677859535441,4,1010123456002,70,,0,0,0,1,0,,0,0,0,0,0,0,7,,0,0,0,0,0,0,0,0,0,,0,0,,0,0,0,0
1677859535691,4,1010123456002,70,,0,0,0,1,0,,0,0,0,0,0,0,8.5,,0,0,0,0,0,0,0,0,0,,0,0,,0,0,0,0
1677859535941,4,1010123456002,70,,0,0,0,1,0,,0,0,0,0,0,0,6,,0,0,0,0,0,0,0,0,0,,0,0,,0,0,0,0
1677859536191,4,1010123456002,70,,0,0,0,1,0,,0,0,0,0,0,0,6.5,,0,0,0,0,0,0,0,0,0,,0,0,,0,0,0,0
1677859536441,4,1010123456002,70,,0,0,0,1,0,,0,0,0,0,0,0,7,,0,0,0,0,0,0,0,0,0,,0,0,,0,0,0,0
1677859536691,4,1010123456002,70,,0,0,0,1,0,,0,0,0,0,0,0,5.83333,,0,0,0,0,0,0,0,0,0,,0,0,,0,0,0,0
1677859536941,4,1010123456002,70,,0,0,0,1,0,,0,0,0,0,0,0,8.8,,0,0,0,0,0,0,0,0,0,,0,0,,0,0,0,0
1677859537191,4,1010123456002,70,,0,0,0,1,0,,0,0,0,0,0,0,6.85714,,0,0,0,0,0,0,0,0,0,,0,0,,0,0,0,0
1677859537441,4,1010123456002,70,,0,0,0,1,0,,0,0,0,0,0,0,7.33333,,0,0,0,0,0,0,0,0,0,,0,0,,0,0,0,0
1677859537691,4,1010123456002,70,,0,0,0,1,0,,0,0,0,0,0,0,7.16667,,0,0,0,0,0,0,0,0,0,,0,0,,0,0,0,0
1677859537941,4,1010123456002,70,,0,0,0,1,0,,0,0,0,0,0,0,7.33333,,0,0,0,0,0,0,0,0,0,,0,0,,0,0,0,0
1677859538191,4,1010123456002,70,,0,0,0,1,0,,0,0,0,0,0,0,6,,0,0,0,0,0,0,0,0,0,,0,0,,0,0,0,0
1677859538441,4,1010123456002,70,,0,0,0,1,0,,0,0,0,0,0,0,7.4,,0,0,0,0,0,0,0,0,0,,0,0,,0,0,0,0
1677859538691,4,1010123456002,70,,0,0,0,1,0,,0,0,0,0,0,0,7.16667,,0,0,0,0,0,0,0,0,0,,0,0,,0,0,0,0
1677859538941,4,1010123456002,70,,0,0,0,1,0,,0,0,0,0,0,0,5.16667,,0,0,0,0,0,0,0,0,0,,0,0,,0,0,0,0
1677859539191,4,1010123456002,70,,0,0,0,1,0,,0,0,0,0,0,0,6.42857,,0,0,0,0,0,0,0,0,0,,0,0,,0,0,0,0
1677859539441,4,1010123456002,70,,0,0,0,1,0,,0,0,0,0,0,0,7.5,,0,0,0,0,0,0,0,0,0,,0,0,,0,0,0,0
1677859539691,4,1010123456002,70,,0,0,0,1,0,,0,0,0,0,0,0,6.5,,0,0,0,0,0,0,0,0,0,,0,0,,0,0,0,0
1677859539941,4,1010123456002,70,,0,0,0,1,0,,0,0,0,0,0,0,8.2,,0,0,0,0,0,0,0,0,0,,0,0,,0,0,0,0
1677859540191,4,1010123456002,70,,0,0,0,1,0,,0,0,0,0,0,0,7.5,,0,0,0,0,0,0,0,0,0,,0,0,,0,0,0,0
1677859540441,4,1010123456002,70,,0,0,0,1,0,,0,0,0,0,0,0,4.83333,,0,0,0,0,0,0,0,0,0,,0,0,,0,0,0,0
1677859540691,4,1010123456002,70,,0,0,0,1,0,,0,0,0,0,0,0,8.33333,,0,0,0,0,0,0,0,0,0,,0,0,,0,0,0,0
1677859540941,4,1010123456002,70,,0,0,0,1,0,,0,0,0,0,0,0,7.2,,0,0,0,0,0,0,0,0,0,,0,0,,0,0,0,0
1677859541191,4,1010123456002,70,,0,0,0,1,0,,0,0,0,0,0,0,8.5,,0,0,0,0,0,0,0,0,0,,0,0,,0,0,0,0
1677859541441,4,1010123456002,70,,0,0,0,1,0,,0,0,0,0,0,0,7.83333,,0,0,0,0,0,0,0,0,0,,0,0,,0,0,0,0
1677859541691,4,1010123456002,70,,0,0,0,1,0,,0,0,0,0,0,0,7,,0,0,0,0,0,0,0,0,0,,0,0,,0,0,0,0
1677859541941,4,1010123456002,70,,0,0,0,1,0,,0,0,0,0,0,0,7.16667,,0,0,0,0,0,0,0,0,0,,0,0,,0,0,0,0
1677859542191,4,1010123456002,70,,0,0,0,1,0,,0,0,0,0,0,0,6,,0,0,0,0,0,0,0,0,0,,0,0,,0,0,0,0
1677859542441,4,1010123456002,70,,0,0,0,1,0,,0,0,0,0,0,0,6,,0,0,0,0,0,0,0,0,0,,0,0,,0,0,0,0
1677859542691,4,1010123456002,70,,0,0,0,1,0,,0,0,0,0,0,0,7.5,,0,0,0,0,0,0,0,0,0,,0,0,,0,0,0,0
1677859542941,4,1010123456002,70,,0,0,0,1,0,,0,0,0,0,0,0,6.6,,0,0,0,0,0,0,0,0,0,,0,0,,0,0,0,0
1677859543191,4,1010123456002,70,,0,0,0,1,0,,0,0,0,0,0,0,7.28571,,0,0,0,0,0,0,0,0,0,,0,0,,0,0,0,0
1677859543441,4,1010123456002,70,,0,0,0,1,0,,0,0,0,0,0,0,5,,0,0,0,0,0,0,0,0,0,,0,0,,0,0,0,0
1677859543691,4,1010123456002,70,,0,0,0,1,0,,0,0,0,0,0,0,6.5,,0,0,0,0,0,0,0,0,0,,0,0,,0,0,0,0
1677859543941,4,1010123456002,70,,0,0,0,1,0,,0,0,0,0,0,0,9.5,,0,0,0,0,0,0,0,0,0,,0,0,,0,0,0,0
1677859544191,4,1010123456002,70,,0,0,0,1,0,,0,0,0,0,0,0,6,,0,0,0,0,0,0,0,0,0,,0,0,,0,0,0,0
1677859544441,4,1010123456002,70,,0,0,0,1,0,,0,0,0,0,0,0,8,,0,0,0,0,0,0,0,0,0,,0,0,,0,0,0,0
1677859544691,4,1010123456002,70,,0,0,0,1,0,,0,0,0,0,0,0,5,,0,0,0,0,0,0,0,0,0,,0,0,,0,0,0,0
1677859544941,4,1010123456002,70,,0,0,0,1,0,,0,0,0,0,0,0,8.33333,,0,0,0,0,0,0,0,0,0,,0,0,,0,0,0,0
1677859545191,4,1010123456002,70,,0,0,0,1,0,,0,0,0,0,0,0,6.42857,,0,0,0,0,0,0,0,0,0,,0,0,,0,0,0,0
1677859545441,4,1010123456002,70,,0,0,0,1,0,,0,0,0,0,0,0,8.66667,,0,0,0,0,0,0,0,0,0,,0,0,,0,0,0,0
1677859642191,1,1010123456002,78,,0,0,0,1,0,,0,3,0,0.001024,1,0,0.1,,0.1,4,0,0.1,1,0,0,31.4325,0,,3,3,,0,0,0,1
1677859642441,1,1010123456002,78,,0,0,0,1,0,,0,0,0,0,0,0,0.1,,0,0,0,0,0,0,0,0,0,,0,0,,0,0,0,0
1677859642691,1,1010123456002,78,,0,0,0,1,0,,2.4,25,0,0.00688,7,0,6,,13.7121,66,0,0.671776,19,0,0,32.7635,31,,14,27,,0,0,0,1
1677859642941,1,1010123456002,78,,0,0,0,1,0,,6.07407,27,0,0.034624,8,0,6,,0,0,0,0,0,0,0,0,0,,55,78,,0,0,0,0
1677859643191,1,1010123456002,78,,0,0,0,1,0,,0,3,0,0.002848,1,0,6,,0,0,0,0,0,0,0,0,0,,5,6,,0,0,0,0
1677859643441,1,1010123456002,78,,0,0,0,1,0,,0,0,0,0,0,0,6,,0,0,0,0,0,0,0,0,0,,0,0,,0,0,0,0
1677859643691,1,1010123456002,78,,0,0,0,1,0,,0,0,0,0,0,0,5.83333,,0,0,0,0,0,0,0,0,0,,0,0,,0,0,0,0
1677859643941,1,1010123456002,78,,0,0,0,1,0,,0,0,0,0,0,0,6,,0,0,0,0,0,0,0,0,0,,0,0,,0,0,0,0
1677859644191,1,1010123456002,78,,0,0,0,1,0,,0,0,0,0,0,0,6,,0,0,0,0,0,0,0,0,0,,0,0,,0,0,0,0
1677859644441,1,1010123456002,78,,0,0,0,1,0,,0,0,0,0,0,0,6,,0,0,0,0,0,0,0,0,0,,0,0,,0,0,0,0
1677859644691,1,1010123456002,78,,0,0,0,1,0,,0,0,0,0,0,0,6,,0,0,0,0,0,0,0,0,0,,0,0,,0,0,0,0
1677859644941,1,1010123456002,78,,0,0,0,1,0,,0,0,0,0,0,0,6,,0,0,0,0,0,0,0,0,0,,0,0,,0,0,0,0
1677859645191,1,1010123456002,78,,0,0,0,1,0,,0,0,0,0,0,0,6,,0,0,0,0,0,0,0,0,0,,0,0,,0,0,0,0
1677859645441,1,1010123456002,78,,0,0,0,1,0,,0,0,0,0,0,0,6,,0,0,0,0,0,0,0,0,0,,0,0,,0,0,0,0
1677859645691,1,1010123456002,78,,0,0,0,1,0,,0,0,0,0,0,0,6,,0,0,0,0,0,0,0,0,0,,0,0,,0,0,0,0
1677859645941,1,1010123456002,78,,0,0,0,1,0,,0,0,0,0,0,0,6,,0,0,0,0,0,0,0,0,0,,0,0,,0,0,0,0
1677859646191,1,1010123456002,78,,0,0,0,1,0,,0,0,0,0,0,0,6,,0,0,0,0,0,0,0,0,0,,0,0,,0,0,0,0
1677859646441,1,1010123456002,78,,0,0,0,1,0,,0,0,0,0,0,0,6,,0,0,0,0,0,0,0,0,0,,0,0,,0,0,0,0
1677859646691,1,1010123456002,78,,0,0,0,1,0,,0,0,0,0,0,0,6,,0,0,0,0,0,0,0,0,0,,0,0,,0,0,0,0
1677859646941,1,1010123456002,78,,0,0,0,1,0,,0,0,0,0,0,0,6,,13.2857,14,0,0.1,4,0,0,34.8795,31,,0,0,,0,0,0,1
1677859647191,1,1010123456002,78,,0,0,0,1,0,,0,0,0,0,0,0,6,,15.7184,103,0,1.47587,30,0,0,30.6839,31,,0,0,,0,0,0,1
1677859647441,1,1010123456002,78,,0,0,0,1,0,,0,0,0,0,0,0,6,,14.4286,7,0,0.1,2,0,0,34.0709,31,,0,0,,0,0,0,1
1677859647691,1,1010123456002,78,,0,0,0,1,0,,6.18518,27,0,0.040064,8,0,6,,13.2857,7,0,0.1,2,0,0,35.6767,31,,56,84,,0,0,0,1
1677859647941,1,1010123456002,78,,0,0,0,1,0,,8.70588,85,0,0.505792,24,0,6,,0,0,0,0,0,0,0,0,0,,731,773,,0,0,0,0
1677859648191,1,1010123456002,78,,0,0,0,1,0,,6,4,0,0.003744,1,0,6,,0,0,0,0,0,0,0,0,0,,6,9,,0,0,0,0
1677859648441,1,1010123456002,78,,0,0,0,1,0,,0,0,0,0,0,0,6,,15.8644,118,0,1.78861,34,0,0,30.3823,31,,0,0,,0,0,0,1
1677859648691,1,1010123456002,78,,0,0,0,1,0,,0,0,0,0,0,0,6,,13.6349,63,0,0.341728,18,0,0,33.9977,31,,0,0,,0,0,0,1
1677859648941,1,1010123456002,78,,0,0,0,1,0,,8,4,0,0.011936,1,0,6,,0,3,0,0.1,1,0,0,0,31,,16,21,,0,0,0,0
1677859649191,1,1010123456002,78,,0,0,0,1,0,,9.34426,61,0,0.421856,17,0,6,,0,0,0,0,0,0,0,0,0,,615,631,,0,0,0,0
1677859649441,1,1010123456002,78,,0,0,0,1,0,,8,28,0,0.143456,8,0,6,,0,0,0,0,0,0,0,0,0,,206,227,,0,0,0,0
1677859649691,1,1010123456002,78,,0,0,0,1,0,,0,0,0,0,0,0,6,,0,0,0,0,0,0,0,0,0,,0,0,,0,0,0,0
1677859649941,1,1010123456002,78,,0,0,0,1,0,,0,0,0,0,0,0,6,,0,0,0,0,0,0,0,0,0,,0,0,,0,0,0,0
1677859650191,1,1010123456002,78,,0,0,0,1,0,,0,0,0,0,0,0,6,,0,0,0,0,0,0,0,0,0,,0,0,,0,0,0,0
1677859650441,1,1010123456002,78,,0,0,0,1,0,,0,0,0,0,0,0,6,,0,0,0,0,0,0,0,0,0,,0,0,,0,0,0,0
1677859650691,1,1010123456002,78,,0,0,0,1,0,,0,0,0,0,0,0,6,,0,0,0,0,0,0,0,0,0,,0,0,,0,0,0,0
1677859650941,1,1010123456002,78,,0,0,0,1,0,,0,0,0,0,0,0,6,,0,0,0,0,0,0,0,0,0,,0,0,,0,0,0,0
1677859651191,1,1010123456002,78,,0,0,0,1,0,,0,0,0,0,0,0,6,,0,0,0,0,0,0,0,0,0,,0,0,,0,0,0,0
1677859651441,1,1010123456002,78,,0,0,0,1,0,,0,0,0,0,0,0,6,,0,0,0,0,0,0,0,0,0,,0,0,,0,0,0,0
1677859651691,1,1010123456002,78,,0,0,0,1,0,,0,0,0,0,0,0,6,,0,0,0,0,0,0,0,0,0,,0,0,,0,0,0,0
1677859651941,1,1010123456002,78,,0,0,0,1,0,,0,0,0,0,0,0,6,,12.1429,14,0,0.1,4,0,0,35.2165,31,,0,0,,0,0,0,1
1677859652191,1,1010123456002,78,,0,0,0,1,0,,0,0,0,0,0,0,6,,15.8158,76,0,1.1385,22,0,0,30.4687,31,,0,0,,0,0,0,1
1677859652441,1,1010123456002,78,,0,0,0,1,0,,0,0,0,0,0,0,6,,15,49,0,0.617152,14,0,0,31.2056,31,,0,0,,0,0,0,1
1677859652691,1,1010123456002,78,,0,0,0,1,0,,8.25581,43,0,0.233088,12,0,6,,14.8889,90,0,1.18451,26,0,0,31.2788,31,,338,357,,0,0,0,1
1677859652941,1,1010123456002,78,,0,0,0,1,0,,8,8,0,0.036736,2,0,6,,15.2444,45,0,0.61072,13,0,0,30.8733,31,,54,66,,0,0,0,1
1677859653191,1,1010123456002,78,,0,0,0,1,0,,9.31551,187,0,1.21677,54,0,6,,15.1273,55,0,0.64032,16,0,0,32.0584,31,,1796,1878,,0,0,0,1
1677859653441,1,1010123456002,78,,0,0,0,1,0,,0,0,0,0,0,0,6,,15.1525,59,0,0.652384,17,0,0,31.7742,31,,0,0,,0,0,0,1
1677859653691,1,1010123456002,78,,0,0,0,1,0,,6.57895,19,0,0.025056,5,0,6,,15.0508,59,0,0.670144,17,0,0,32.1447,31,,38,51,,0,0,0,1
1677859653941,1,1010123456002,78,,0,0,0,1,0,,6.06061,33,0,0.02784,10,0,6,,12.1429,14,0,0.1,4,0,0,35.4181,31,,44,66,,0,0,0,1
1677859654191,1,1010123456002,78,,0,0,0,1,0,,6.72727,11,0,0.012704,3,0,6,,12.1429,7,0,0.1,2,0,0,36.0842,31,,18,27,,0,0,0,1
1677859654441,1,1010123456002,78,,0,0,0,1,0,,6.6,30,0,0.045024,9,0,6,,14.6,10,0,0.1,3,0,0,34.0143,31,,69,93,,0,0,0,1
1677859654691,1,1010123456002,78,,0,0,0,1,0,,0,0,0,0,0,0,6,,11.3636,11,0,0.1,3,0,0,35.1226,31,,0,0,,0,0,0,1
1677859654941,1,1010123456002,78,,0,0,0,1,0,,6,4,0,0.0024,1,0,6,,14.902,102,0,1.24198,29,0,0,31.4279,31,,4,6,,0,0,0,1
1677859655191,1,1010123456002,78,,0,0,0,1,0,,7.11765,17,0,0.04304,5,0,6,,15.6,45,0,0.617888,13,0,0,30.8316,31,,63,81,,0,0,0,1
1677859655441,1,1010123456002,78,,0,0,0,1,0,,8.13043,23,0,0.08,6,0,6,,15.3846,117,0,1.56118,34,0,0,30.9224,31,,138,161,,0,0,0,1
1677859655691,1,1010123456002,78,,0,0,0,1,0,,7.54839,31,155,0.099264,10,0,6,,15.7378,267,0,3.96032,76,0,0,30.2759,31,,126,153,,0,0,0,1
1677859655941,1,1010123456002,78,,0,0,0,1,0,,6.8,20,0,0.024768,6,0,6,,15.8036,224,0,3.33664,65,0,0,30.3555,31,,36,51,,0,0,0,1
1677859656191,1,1010123456002,78,,0,0,0,1,0,,6.8,40,0,0.03664,11,0,6,,15.2954,237,0,3.42563,68,0,0,30.7204,31,,58,78,,0,0,0,1
1677859656441,1,1010123456002,78,,0,0,0,1,0,,6.42857,7,0,0.005248,2,0,6,,15.8186,237,0,3.58122,68,0,0,30.2304,31,,9,12,,0,0,0,1
1677859656691,1,1010123456002,78,,0,0,0,1,0,,7.07692,13,0,0.018272,3,0,6,,15.6442,163,0,2.33514,47,0,0,30.6428,31,,34,45,,0,0,0,1
1677859656941,1,1010123456002,78,,0,0,0,1,0,,7,4,0,0.007872,2,0,6,,15.6292,240,0,3.6024,69,0,0,30.3557,31,,4,6,,0,0,0,1
1677859657191,1,1010123456002,78,,0,0,0,1,0,,7.17647,17,0,0.03104,4,0,6,,15.7033,182,0,2.74323,53,0,0,30.2802,31,,51,63,,0,0,0,1
1677859657441,1,1010123456002,78,,0,0,0,1,0,,7.1017,59,0,0.083264,18,0,6,,15.4412,204,0,2.96096,59,0,0,30.412,31,,122,162,,0,0,0,1
1677859657691,1,1010123456002,78,,0,0,0,1,0,,6.79487,39,0,0.031584,11,0,6,,15.8075,213,0,3.27597,62,0,0,30.2168,31,,52,69,,0,0,0,1
1677859657941,1,1010123456002,78,,0,0,0,1,0,,6.88,25,0,0.019424,7,0,6,,15.7015,201,0,2.96998,58,0,0,30.423,31,,32,42,,0,0,0,1
1677859658191,1,1010123456002,78,,0,0,0,1,0,,6.65385,26,0,0.022784,8,0,6,,15.4425,226,0,3.20368,66,0,0,30.8925,31,,38,51,,0,0,0,1
1677859658441,1,1010123456002,78,,0,0,0,1,0,,7.42105,19,0,0.013952,4,0,6,,15.5291,189,0,2.55069,54,0,0,30.617,31,,26,33,,0,0,0,1
1677859658691,1,1010123456002,78,,0,0,0,1,0,,7.19231,26,0,0.034144,9,0,6,,15.375,176,0,2.51802,51,0,0,30.6333,31,,48,63,,0,0,0,1
1677859658941,1,1010123456002,78,,0,0,0,1,0,,7.18518,27,0,0.040448,8,0,6,,15.6099,182,1132,2.44634,52,0,0,30.663,31,,61,78,,0,0,0,1
1677859659191,1,1010123456002,78,,0,0,0,1,0,,7.2069,58,0,0.133728,17,0,6,,15.4647,170,0,2.30358,49,0,0,30.869,31,,197,252,,0,0,0,1
1677859659441,1,1010123456002,78,,0,0,0,1,0,,6.73077,26,0,0.017536,6,0,6,,15.6732,205,0,3.0673,59,0,0,30.2357,31,,34,45,,0,0,0,1
1677859659691,1,1010123456002,78,,0,0,0,1,0,,8.77885,104,0,0.675648,31,0,6,,15.6519,181,0,2.60947,52,0,0,30.563,31,,1006,1047,,0,0,0,1
1677859659941,1,1010123456002,78,,0,0,0,1,0,,8.77778,45,0,0.353024,13,0,6,,15.7692,208,0,3.17757,61,0,0,30.2078,31,,515,542,,0,0,0,1
1677859660191,1,1010123456002,78,,0,0,0,1,0,,9.28814,59,0,0.37008,13,0,6,,15.7222,180,0,2.70288,52,0,0,30.2454,31,,699,730,,0,0,0,1
1677859660441,1,1010123456002,78,,0,0,0,1,0,,8.93939,165,0,1.13744,49,0,6,,15.539,141,0,1.93085,41,0,0,30.6416,31,,1532,1633,,0,0,0,1
1677859660691,1,1010123456002,78,,0,0,0,1,0,,9.28137,263,0,1.65418,71,0,6,,15.6506,166,0,2.32454,48,0,0,30.4853,31,,2561,2614,,0,0,0,1
1677859660941,1,1010123456002,78,,0,0,0,1,0,,9.13992,243,0,1.60778,75,0,6,,15.4558,147,0,1.86016,42,0,0,31.1303,31,,2161,2221,,0,0,0,1
1677859661191,1,1010123456002,78,,0,0,0,1,0,,9.17004,247,0,1.53501,69,0,6,,15.7536,207,0,3.06541,59,0,0,30.2384,31,,2282,2355,,0,0,0,1
1677859661441,1,1010123456002,78,,0,0,0,1,0,,8.488,250,0,1.3551,69,0,6,,15.6073,191,0,2.72272,55,0,0,30.5843,31,,2195,2247,,0,0,0,1
1677859661691,1,1010123456002,78,,0,0,0,1,0,,8.87938,257,0,1.58006,73,0,6,,15.5909,154,0,2.03766,45,0,0,30.6958,31,,2286,2357,,0,0,0,1
1677859661941,1,1010123456002,78,,0,0,0,1,0,,9.08261,230,0,1.51168,70,0,6,,15.6481,162,0,2.36678,47,0,0,30.4484,31,,2056,2111,,0,0,0,1
1677859662191,1,1010123456002,78,,0,0,0,1,0,,9.55372,242,0,1.54045,68,0,6.28571,,15.6918,146,0,2.15472,42,0,0,30.4723,31,,2131,2250,,0,0,0,1
1677859662441,1,1010123456002,78,,0,0,0,1,0,,9.24155,207,1131,1.37066,61,0,6,,15.681,279,0,4.12848,80,0,0,30.3541,31,,1981,2025,,0,0,0,1
1677859662691,1,1010123456002,78,,0,0,0,1,0,,9.06228,289,0,1.60467,78,0,6,,15.7871,202,0,3.14749,59,0,0,30.2593,31,,2513,2570,,0,0,0,1
1677859662941,1,1010123456002,78,,0,0,0,1,0,,9.51724,145,0,1.06947,43,0,6,,15.7983,238,0,3.59782,67,0,0,30.2057,31,,1445,1516,,0,0,0,1
1677859663191,1,1010123456002,78,,0,0,0,1,0,,8.91667,240,0,1.51763,68,0,6,,15.5549,164,0,2.20618,46,0,0,30.5994,31,,2257,2335,,0,0,0,1
1677859663441,1,1010123456002,78,,0,0,0,1,0,,8.84082,245,0,1.48554,73,0,6,,15.3969,194,0,2.64566,55,0,0,30.6716,31,,2052,2120,,0,0,0,1
1677859663691,1,1010123456002,78,,0,0,0,1,0,,9.04219,237,0,1.48858,69,0,6,,15.7448,192,0,2.86176,54,0,0,30.2924,31,,2144,2231,,0,0,0,1
1677859663941,1,1010123456002,78,,0,0,0,1,0,,9.52864,227,0,1.5465,63,0,6,,15.5367,177,0,2.52499,50,0,0,30.5872,31,,2294,2343,,0,0,0,1
1677859664191,1,1010123456002,78,,0,0,0,1,0,,9.26087,92,0,0.646624,27,0,6,,15.7697,178,0,2.64592,51,0,0,30.2391,31,,894,923,,0,0,0,1
1677859664441,1,1010123456002,78,,0,0,0,1,0,,10.5236,254,0,2.33898,72,0,6,,15.5805,174,0,2.30886,49,0,0,30.8122,31,,3480,3468,,0,0,0,1
1677859664691,1,1010123456002,78,,0,0,0,1,0,,9.94304,158,0,1.27523,45,0,6,,15.3367,199,0,2.64038,56,0,0,30.8349,31,,1814,1878,,0,0,0,1
1677859664941,1,1010123456002,78,,0,0,0,1,0,,9.01685,178,0,1.19066,51,0,6,,15.3021,192,0,2.57229,54,0,0,30.9938,31,,1734,1813,,0,0,0,1
1677859665191,1,1010123456002,78,,0,0,0,1,0,,9.19209,177,0,1.17104,48,0,6,,15.7269,249,0,3.72102,71,0,0,30.1937,31,,1775,1844,,0,0,0,1
1677859665441,1,1010123456002,78,,0,0,0,1,0,,8.92121,165,0,1.10362,52,0,6,,15.4747,198,0,2.77904,56,0,0,30.555,31,,1474,1515,,0,0,0,1
1677859665691,1,1010123456002,78,,0,0,0,1,0,,9.36323,223,0,1.51254,60,0,6,,15.0929,183,0,2.27242,51,0,0,31.2833,31,,2312,2391,,0,0,0,1
1677859665941,1,1010123456002,78,,0,0,0,1,0,,8.90374,187,0,1.30208,58,0,6,,15.7366,205,0,2.99427,59,0,0,30.2747,31,,1785,1848,,0,0,0,1
1677859666191,1,1010123456002,78,,0,0,0,1,0,,8.89796,196,0,1.15971,53,0,6,,15.6793,184,512,2.59424,52,0,0,30.4579,31,,1725,1798,,0,0,0,1
1677859666441,1,1010123456002,78,,0,0,0,1,0,,9.4086,186,0,1.21149,53,0,6,,15.6429,196,0,2.79213,56,0,0,30.556,31,,1797,1869,,0,0,0,1
1677859666691,1,1010123456002,78,,0,0,0,1,0,,9.12,200,255,1.28627,56,0,6,,15.5674,141,0,1.86419,40,0,0,30.8362,31,,1868,1931,,0,0,0,1
1677859666941,1,1010123456002,78,,0,0,0,1,0,,9.23737,198,0,1.288,60,0,6,,15.6329,207,0,2.87536,59,0,0,30.7878,31,,1768,1834,,0,0,0,1
1677859667191,1,1010123456002,78,,0,0,0,1,0,,9.31633,196,0,1.22832,55,0,6,,15.5315,143,0,1.79555,40,0,0,30.9406,31,,1845,1901,,0,0,0,1
1677859667441,1,1010123456002,78,,0,0,0,1,0,,9.11834,169,0,1.11517,49,0,6,,15.6064,188,0,2.62739,53,0,0,30.6882,31,,1586,1639,,0,0,0,1
1677859667691,1,1010123456002,78,,0,0,0,1,0,,8.6473,241,0,1.34099,66,0,5.83333,,15.4767,172,0,2.26621,49,0,0,30.8943,31,,2229,2301,,0,0,0,1
1677859667941,1,1010123456002,78,,0,0,0,1,0,,8.87013,231,0,1.46464,69,0,6,,15.6651,209,0,3.05616,59,0,0,30.5151,31,,2033,2112,,0,0,0,1
1677859668191,1,1010123456002,78,,0,0,0,1,0,,8.95111,225,0,1.29952,60,0,6,,15.7953,215,0,3.24541,61,0,0,30.1931,31,,1995,2068,,0,0,0,1
1677859668441,1,1010123456002,78,,0,0,0,1,0,,9.21053,209,0,1.316,62,0,6,,15.5325,169,0,2.22093,48,0,0,30.8596,31,,1908,1969,,0,0,0,1
1677859668691,1,1010123456002,78,,0,0,0,1,0,,7.95495,222,109,1.21315,60,0,5.83333,,15.3571,126,0,1.38109,35,0,0,31.4599,31,,2023,2119,,0,0,0,1
1677859668941,1,1010123456002,78,,0,0,0,1,0,,8.47085,223,0,1.40397,69,0,6,,15.3,150,0,1.81866,42,0,0,30.9641,31,,1934,1981,,0,0,0,1
1677859669191,1,1010123456002,78,,0,0,0,1,0,,8.7,250,0,1.30317,68,0,6,,15.7772,193,0,2.8521,55,0,0,30.3881,31,,2026,2103,,0,0,0,1
1677859669441,1,1010123456002,78,,0,0,0,1,0,,8.75229,218,21,1.36291,61,0,6,,15.2715,151,0,1.9615,42,0,0,30.7628,31,,2012,2069,,0,0,0,1
1677859669691,1,1010123456002,78,,0,0,0,1,0,,8.73913,230,0,1.40237,66,0,6,,15.4122,131,0,1.60934,37,0,0,31.0012,31,,2067,2137,,0,0,0,1
1677859669941,1,1010123456002,78,,0,0,0,1,0,,9.19251,187,0,1.30166,55,0,6,,15.4859,142,0,1.86294,40,0,0,30.8644,31,,1843,1917,,0,0,0,1
1677859670191,1,1010123456002,78,,0,0,0,1,0,,9.56593,182,223,1.34749,50,0,6,,15.4054,148,0,1.84198,42,0,0,31.1577,31,,2032,2121,,0,0,0,1
1677859670441,1,1010123456002,78,,0,0,0,1,0,,9.17453,212,239,1.40669,63,0,6,,15.5887,124,0,1.61859,35,0,0,30.8324,31,,1992,2061,,0,0,0,1
1677859670691,1,1010123456002,78,,0,0,0,1,0,,9.06278,223,0,1.43008,62,0,6,,15.3544,158,0,2.01539,45,0,0,30.9416,31,,2104,2163,,0,0,0,1
1677859670941,1,1010123456002,78,,0,0,0,1,0,,8.94241,191,0,1.3265,56,0,6,,15.4539,152,0,2.0105,43,0,0,30.8036,31,,1877,1953,,0,0,0,1
1677859671191,1,1010123456002,78,,0,0,0,1,0,,8.92126,254,0,1.37424,73,0,6,,15.6032,126,0,1.6592,35,0,0,30.774,31,,2000,2077,,0,0,0,1
1677859671441,1,1010123456002,78,,0,0,0,1,0,,8.95045,222,1167,1.39238,63,0,6,,15.4403,159,0,2.02944,45,0,0,31.0134,31,,2045,2092,,0,0,0,1
1677859671691,1,1010123456002,78,,0,0,0,1,0,,9.28436,211,0,1.3568,59,0,6,,15.3419,117,0,1.43523,33,0,0,31.3436,31,,2029,2110,,0,0,0,1
1677859671941,1,1010123456002,78,,0,0,0,1,0,,8.9959,244,0,1.47414,74,0,6,,15.5818,110,0,1.40202,31,0,0,30.7764,31,,2057,2130,,0,0,0,1
1677859672191,1,1010123456002,78,,0,0,0,1,0,,9.23963,217,0,1.38934,59,0,6,,14.6374,91,0,0.875168,26,0,0,31.874,31,,2030,2139,,0,0,0,1
1677859672441,1,1010123456002,78,,0,0,0,1,0,,9.31915,188,0,1.33107,56,0,6,,15.2714,140,0,1.62627,39,0,0,31.5942,31,,1924,2019,,0,0,0,1
1677859672691,1,1010123456002,78,,0,0,0,1,0,,9.30144,209,0,1.3816,59,0,6,,15.3538,130,0,1.59066,37,0,0,30.9884,31,,2094,2163,,0,0,0,1
1677859672941,1,1010123456002,78,,0,0,0,1,0,,9.58959,173,0,1.34035,52,0,6,,15.4286,126,0,1.51818,35,0,0,31.2562,31,,1827,1873,,0,0,0,1
1677859673191,1,1010123456002,78,,0,0,0,1,0,,9.38393,224,274,1.45258,62,0,6,,15.5043,117,0,1.5424,33,0,0,30.7884,31,,2203,2265,,0,0,0,1
1677859673441,1,1010123456002,78,,0,0,0,1,0,,8.9607,229,0,1.39389,65,0,6,,15.7037,162,0,2.36518,46,0,0,30.4669,31,,2028,2085,,0,0,0,1
1677859673691,1,1010123456002,78,,0,0,0,1,0,,8.65158,221,0,1.4136,65,0,6,,15.3398,103,135882,1.17488,29,0,0,31.4124,31,,2008,2096,,0,0,0,1
1677859673941,1,1010123456002,78,,0,0,0,1,0,,9.23246,228,0,1.48666,64,0,6,,15.7179,195,0,2.80173,55,0,0,30.4334,31,,2238,2286,,0,0,0,1
1677859674191,1,1010123456002,78,,0,0,0,1,0,,8.67234,235,0,1.45706,69,0,5.85714,,15.1081,148,0,1.85856,42,0,0,31.0966,31,,2360,2411,,0,0,0,1
1677859674441,1,1010123456002,78,,0,0,0,1,0,,8.875,224,1161,1.40112,64,0,6,,15.4298,114,0,1.39267,32,0,0,30.9802,31,,2069,2138,,0,0,0,1
1677859674691,1,1010123456002,78,,0,0,0,1,0,,9.14719,231,1067,1.45363,64,0,6,,15.4326,141,0,1.8057,40,0,0,30.9535,31,,2220,2296,,0,0,0,1
1677859674941,1,1010123456002,78,,0,0,0,1,0,,8.85849,212,2101,1.43802,62,0,6,,14.9798,99,0,1.0105,28,0,0,31.567,31,,1999,2083,,0,0,0,1
1677859675191,1,1010123456002,78,,0,0,0,1,0,,9.17155,239,0,1.49699,67,0,6,,15.3566,129,0,1.57846,36,0,0,31.0255,31,,2217,2292,,0,0,0,1
1677859675441,1,1010123456002,78,,0,0,0,1,0,,9.13575,221,197,1.43978,64,0,6,,15.3871,124,0,1.51642,35,0,0,31.101,31,,2103,2164,,0,0,0,1
1677859675691,1,1010123456002,78,,0,0,0,1,0,,8.97561,205,0,1.44576,60,0,6,,15.5531,179,135117,2.44851,51,0,0,30.8109,31,,2084,2134,,0,0,0,1
1677859675941,1,1010123456002,78,,0,0,0,1,0,,8.94595,185,0,1.15584,52,0,6,,15.363,135,0,1.65923,38,0,0,31.2464,31,,1689,1774,,0,0,0,1
1677859676191,1,1010123456002,78,,0,0,0,1,0,,8.02871,209,0,1.17834,57,0,6,,15.2333,120,0,1.42925,34,0,0,30.8875,31,,1828,1901,,0,0,0,1
1677859676441,1,1010123456002,78,,0,0,0,1,0,,8.68528,197,0,1.22467,60,0,6,,15.4015,137,0,1.80477,39,0,0,30.9806,31,,1685,1748,,0,0,0,1
1677859676691,1,1010123456002,78,,0,0,0,1,0,,9.15714,210,0,1.41194,58,0,6,,15.551,147,0,2.00202,42,0,0,30.5233,31,,2135,2213,,0,0,0,1
1677859676941,1,1010123456002,78,,0,0,0,1,0,,9.10471,191,0,1.16973,55,0,6,,15.5902,183,0,2.48115,52,0,0,30.6306,31,,1701,1773,,0,0,0,1
1677859677191,1,1010123456002,78,,0,0,0,1,0,,8.67886,246,0,1.46461,70,0,6,,15.7025,158,0,2.2864,45,0,0,30.4958,31,,2132,2214,,0,0,0,1
1677859677441,1,1010123456002,78,,0,0,0,1,0,,8.98333,180,0,1.1545,52,0,6,,15.62,150,0,1.93274,42,0,0,30.9705,31,,1686,1754,,0,0,0,1
1677859677691,1,1010123456002,78,,0,0,0,1,0,,9.20106,189,5,1.15066,52,0,6,,15.3735,166,0,2.14682,47,0,0,30.9601,31,,1743,1798,,0,0,0,1
1677859677941,1,1010123456002,78,,0,0,0,1,0,,8.51099,182,0,1.20781,55,0,6,,15.8097,247,2127,3.76592,70,0,0,30.153,31,,1625,1726,,0,0,0,1
1677859678191,1,1010123456002,78,,0,0,0,1,0,,9.02732,183,1189,1.11354,53,0,6,,15.1714,140,0,1.71859,40,0,0,31.0026,31,,1625,1662,,0,0,0,1
1677859678441,1,1010123456002,78,,0,0,0,1,0,,8.48707,232,0,1.24678,66,0,6,,15.2437,119,0,1.36848,34,0,0,31.3424,31,,1827,1952,,0,0,0,1
1677859678691,1,1010123456002,78,,0,0,0,1,0,,9.36313,179,0,1.21277,50,0,6,,15.3576,151,0,1.92048,43,0,0,30.9345,31,,1783,1861,,0,0,0,1
1677859678941,1,1010123456002,78,,0,0,0,1,0,,9.43609,266,0,1.94358,76,0,6,,15.5473,201,0,2.71997,57,0,0,30.8483,31,,2814,2888,,0,0,0,1
1677859679191,1,1010123456002,78,,0,0,0,1,0,,9.45699,186,0,1.24698,53,0,6,,15.3613,119,0,1.35334,33,0,0,31.3557,31,,1793,1850,,0,0,0,1
1677859679441,1,1010123456002,78,,0,0,0,1,0,,8.88043,184,0,1.19907,53,0,6,,15.3605,147,219,1.84198,42,0,0,30.8494,31,,1721,1821,,0,0,0,1
1677859679691,1,1010123456002,78,,0,0,0,1,0,,8.91053,190,0,1.188,50,0,6,,15.2877,146,0,1.8185,41,0,0,31.1623,31,,1805,1877,,0,0,0,1
1677859679941,1,1010123456002,78,,0,0,0,1,0,,9.42458,179,0,1.32429,56,0,6,,15.4275,131,0,1.67485,37,0,0,30.8686,31,,1792,1877,,0,0,0,1
1677859680191,1,1010123456002,78,,0,0,0,1,0,,8.89806,206,0,1.30032,56,0,6,,15.6127,142,0,1.86624,40,0,0,30.8583,31,,2006,2098,,0,0,0,1
1677859680441,1,1010123456002,78,,0,0,0,1,0,,9.11702,188,0,1.22726,55,0,6,,15.5755,139,0,1.82797,39,0,0,30.8011,31,,1746,1829,,0,0,0,1
1677859680691,1,1010123456002,78,,0,0,0,1,0,,9.68508,181,0,1.3536,50,0,6,,15.3185,135,0,1.64781,38,0,0,31.2645,31,,1924,1967,,0,0,0,1
1677859680941,1,1010123456002,78,,0,0,0,1,0,,9.04167,192,1257,1.23786,59,0,6,,15.1942,103,0,1.13722,29,0,0,31.6165,31,,1738,1795,,0,0,0,1
1677859681191,1,1010123456002,78,,0,0,0,1,0,,8.94301,193,352,1.26662,55,0,6,,15.454,163,0,2.10928,46,0,0,30.9459,31,,1906,1980,,0,0,0,1
1677859681441,1,1010123456002,78,,0,0,0,1,0,,8.44,200,0,1.1455,57,0,6,,15.6984,189,0,2.78896,54,0,0,30.4422,31,,1647,1708,,0,0,0,1
1677859681691,1,1010123456002,78,,0,0,0,1,0,,9.02679,224,0,1.28752,62,0,6,,15.5257,175,0,2.31741,49,0,0,30.8524,31,,1962,2028,,0,0,0,1
1677859681941,1,1010123456002,78,,0,0,0,1,0,,8.7198,207,0,1.2273,61,0,6,,15.5072,138,1132,1.67552,39,0,0,31.0549,31,,1741,1805,,0,0,0,1
1677859682191,1,1010123456002,78,,0,0,0,1,0,,8.76,200,1360,1.22451,58,0,6,,15.3438,128,0,1.59078,36,0,0,31.0233,31,,1805,1851,,0,0,0,1
1677859682441,1,1010123456002,78,,0,0,0,1,0,,9.26596,188,0,1.26749,55,0,6,,15.4094,127,0,1.48794,36,0,0,31.2773,31,,1816,1870,,0,0,0,1
1677859682691,1,1010123456002,78,,0,0,0,1,0,,9.17596,233,1155,1.47738,66,0,6,,15.5168,149,0,1.99798,42,0,0,30.7765,31,,2219,2279,,0,0,0,1
1677859682941,1,1010123456002,78,,0,0,0,1,0,,8.90094,212,0,1.3288,60,0,6,,15.3617,141,0,1.78336,39,0,0,31.0685,31,,1953,2043,,0,0,0,1
1677859683191,1,1010123456002,78,,0,0,0,1,0,,9.13636,220,0,1.27526,58,0,6,,15.6,135,0,1.79072,38,0,0,30.6611,31,,2018,2081,,0,0,0,1
1677859683441,1,1010123456002,78,,0,0,0,1,0,,8.83796,216,1179,1.43373,65,0,6,,15.5096,157,0,2.06096,44,0,0,30.7399,31,,1938,2028,,0,0,0,1
1677859683691,1,1010123456002,78,,0,0,0,1,0,,8.83182,220,0,1.28397,65,0,6,,15.6319,182,135882,2.62954,51,0,0,30.4335,31,,1844,1908,,0,0,0,1
1677859683941,1,1010123456002,78,,0,0,0,1,0,,9.06623,151,0,0.931584,43,0,6,,15.6908,152,0,2.09507,43,0,0,30.6449,31,,1328,1388,,0,0,0,1
1677859684191,1,1010123456002,78,,0,0,0,1,0,,0,9,2549,0.031968,1,0,6,,15.6543,162,0,2.23974,46,0,0,30.6869,31,,142,150,,0,0,0,1
1677859684441,1,1010123456002,78,,0,0,0,1,0,,10.0544,349,0,2.96288,101,0,6,,15.6987,156,0,2.19891,44,0,0,30.4809,31,,4238,4303,,0,0,0,1
1677859684691,1,1010123456002,78,,0,0,0,1,0,,9.14458,166,0,1.01539,44,0,6,,15.4451,164,0,2.25178,47,0,0,30.6631,31,,1635,1697,,0,0,0,1
1677859684941,1,1010123456002,78,,0,0,0,1,0,,9.31875,160,0,1.20794,50,0,6,,15.4564,149,0,1.81971,42,0,0,31.0901,31,,1584,1650,,0,0,0,1
1677859685191,1,1010123456002,78,,0,0,0,1,0,,9.43226,155,0,1.03242,41,0,6,,15.4658,161,0,2.24634,46,0,0,30.8042,31,,1621,1659,,0,0,0,1
1677859685441,1,1010123456002,78,,0,0,0,1,0,,8.81065,169,0,1.16349,51,0,6,,15.6897,145,0,2.04963,41,0,0,30.6647,31,,1585,1644,,0,0,0,1
1677859685691,1,1010123456002,78,,0,0,0,1,0,,9.11656,163,0,1.11661,46,0,6,,15.7707,205,0,3.05594,58,0,0,30.4275,31,,1613,1670,,0,0,0,1
1677859685941,1,1010123456002,78,,0,0,0,1,0,,9.28235,170,0,1.09888,47,0,6,,15.6882,186,0,2.69309,53,0,0,30.4906,31,,1658,1722,,0,0,0,1
1677859686191,1,1010123456002,78,,0,0,0,1,0,,9.11585,164,165,1.07542,45,0,6,,15.3596,114,0,1.33414,32,0,0,31.2711,31,,1617,1697,,0,0,0,1
1677859686441,1,1010123456002,78,,0,0,0,1,0,,8.48969,194,0,1.22339,56,0,6,,15.6341,164,0,2.23011,47,0,0,30.7854,31,,1714,1845,,0,0,0,1
1677859686691,1,1010123456002,78,,0,0,0,1,0,,8.71574,197,0,1.22355,57,0,6,,15.4598,174,135117,2.29456,49,0,0,30.8436,31,,1774,1857,,0,0,0,1
1677859686941,1,1010123456002,78,,0,0,0,1,0,,9,147,0,1.05651,43,0,6,,15.715,193,0,2.82038,55,0,0,30.3317,31,,1470,1558,,0,0,0,1
1677859687191,1,1010123456002,78,,0,0,0,1,0,,9.38182,165,0,1.06483,42,0,6,,15.4368,190,0,2.67021,54,0,0,30.6739,31,,1657,1744,,0,0,0,1
1677859687441,1,1010123456002,78,,0,0,0,1,0,,8.45699,186,0,1.15734,59,0,6,,15.3879,165,0,2.08992,47,0,0,31.014,31,,1527,1598,,0,0,0,1
1677859687691,1,1010123456002,78,,0,0,0,1,0,,9.07,200,0,1.2304,56,0,6,,15.7485,163,0,2.34979,46,0,0,30.3937,31,,1790,1855,,0,0,0,1
1677859687941,1,1010123456002,78,,0,0,0,1,0,,8.78261,184,0,1.06973,53,0,6,,15.5949,158,0,2.16384,45,0,0,30.7166,31,,1577,1655,,0,0,0,1
1677859688191,1,1010123456002,78,,0,0,0,1,0,,8.76042,192,1087,1.24909,55,0,6,,15.4094,127,0,1.54048,36,0,0,31.0669,31,,1824,1877,,0,0,0,1
1677859688441,1,1010123456002,78,,0,0,0,1,0,,9.62353,170,353,1.18928,46,0,6,,15.5258,213,0,2.89722,60,0,0,30.8868,31,,1796,1838,,0,0,0,1
1677859688691,1,1010123456002,78,,0,0,0,1,0,,8.23697,211,0,1.22973,62,0,6,,15.733,206,0,3.01754,59,0,0,30.341,31,,1692,1766,,0,0,0,1
1677859688941,1,1010123456002,78,,0,0,0,1,0,,9.53714,175,0,1.2744,49,0,6,,15.6761,213,0,3.00826,61,0,0,30.5909,31,,1913,1964,,0,0,0,1
1677859689191,1,1010123456002,78,,0,0,0,1,0,,9.35669,157,0,1.07677,47,0,6,,15.6862,188,0,2.68771,53,0,0,30.6262,31,,1518,1547,,0,0,0,1
1677859689441,1,1010123456002,78,,0,0,0,1,0,,9.53801,171,0,1.20285,47,0,6,,15.6291,213,0,3.00768,60,0,0,30.6271,31,,1776,1852,,0,0,0,1
1677859689691,1,1010123456002,78,,0,0,0,1,0,,9.70714,140,3541,1.05261,42,0,6,,15.4319,213,0,2.71805,61,0,0,31.0614,31,,1504,1544,,0,0,0,1
1677859689941,1,1010123456002,78,,0,0,0,1,0,,9.30811,185,0,1.296,53,0,6,,15.6556,180,0,2.48451,51,0,0,30.7913,31,,1871,1947,,0,0,0,1
1677859690191,1,1010123456002,78,,0,0,0,1,0,,9.03825,183,0,1.16304,52,0,6,,15.5556,189,0,2.47891,53,0,0,30.6764,31,,1676,1710,,0,0,0,1
1677859690441,1,1010123456002,78,,0,0,0,1,0,,8.77202,193,0,1.15664,55,0,6,,15.5288,208,0,2.88746,60,0,0,30.766,31,,1758,1819,,0,0,0,1
1677859690691,1,1010123456002,78,,0,0,0,1,0,,9.05419,203,0,1.28752,61,0,6,,15.1701,194,582,2.5561,55,0,0,31.1114,31,,1842,1904,,0,0,0,1
1677859690941,1,1010123456002,78,,0,0,0,1,0,,9.33517,182,0,1.20013,51,0,6,,15.5833,192,0,2.58029,54,0,0,30.9133,31,,1757,1812,,0,0,0,1
1677859691191,1,1010123456002,78,,0,0,0,1,0,,9.21827,197,0,1.21299,54,0,6,,15.641,156,0,2.14918,44,0,0,30.7236,31,,1821,1878,,0,0,0,1
1677859691441,1,1010123456002,78,,0,0,0,1,0,,9.09615,208,0,1.24403,57,0,6,,15.6623,228,0,3.29542,65,0,0,30.4336,31,,1927,1998,,0,0,0,1
1677859691691,1,1010123456002,78,,0,0,0,1,0,,9.4375,176,0,1.21642,53,0,6,,15.4808,208,145859,2.91686,59,0,0,30.6762,31,,1671,1704,,0,0,0,1
1677859691941,1,1010123456002,78,,0,0,0,1,0,,8.56716,201,0,1.25763,60,0,6,,15.6344,227,0,3.11216,64,0,0,30.8749,31,,1794,1839,,0,0,0,1
1677859692191,1,1010123456002,78,,0,0,0,1,0,,9.54913,173,289,1.20074,48,0,6,,15.7056,197,0,2.88435,56,0,0,30.4924,31,,1849,1894,,0,0,0,1
1677859692441,1,1010123456002,78,,0,0,0,1,0,,9.28934,197,0,1.28874,58,0,6,,15.5817,251,0,3.62515,71,0,0,30.6026,31,,1776,1827,,0,0,0,1
1677859692691,1,1010123456002,78,,0,0,0,1,0,,9.33333,180,0,1.27888,52,0,6,,15.4416,231,0,3.19386,66,0,0,30.8663,31,,1871,1909,,0,0,0,1
1677859692941,1,1010123456002,78,,0,0,0,1,0,,9.53846,182,0,1.05859,46,0,6,,15.6329,237,0,3.36566,67,0,0,30.7631,31,,1856,1889,,0,0,0,1
1677859693191,1,1010123456002,78,,0,0,0,1,0,,9.25888,197,0,1.46723,59,0,6,,15.6186,194,0,2.63331,55,0,0,30.8159,31,,2016,2069,,0,0,0,1
1677859693441,1,1010123456002,78,,0,0,0,1,0,,9.4269,171,0,1.22496,53,0,6,,15.5325,231,0,3.46474,66,0,0,30.4489,31,,1645,1668,,0,0,0,1
1677859693691,1,1010123456002,78,,0,0,0,1,0,,9.84746,177,0,1.33744,50,0,6,,15.3657,216,135117,3.07315,61,0,0,30.6952,31,,1941,1980,,0,0,0,1
1677859693941,1,1010123456002,78,,0,0,0,1,0,,8.69595,148,0,0.876672,43,0,6,,15.8377,228,0,3.44454,64,0,0,30.2191,31,,1278,1333,,0,0,0,1
1677859694191,1,1010123456002,78,,0,0,0,1,0,,8.04255,235,0,1.60173,63,0,5.85714,,15.7711,249,0,3.76666,71,0,0,30.2718,31,,3020,3022,,0,0,0,1
1677859694441,1,1010123456002,78,,0,0,0,1,0,,8.82407,216,0,1.19773,61,0,6,,15.4545,242,0,3.45584,69,0,0,30.4934,31,,1797,1863,,0,0,0,1
1677859694691,1,1010123456002,78,,0,0,0,1,0,,9.05357,168,0,1.11008,48,0,6,,15.6878,221,0,3.22026,63,0,0,30.358,31,,1515,1591,,0,0,0,1
1677859694941,1,1010123456002,78,,0,0,0,1,0,,9.08284,169,0,1.06342,50,0,6,,15.7633,245,0,3.59142,70,0,0,30.5293,31,,1516,1591,,0,0,0,1
1677859695191,1,1010123456002,78,,0,0,0,1,0,,8.96532,173,0,1.12541,50,0,6,,15.6894,264,0,3.79162,75,0,0,30.5372,31,,1587,1689,,0,0,0,1
1677859695441,1,1010123456002,78,,0,0,0,1,0,,9.00526,190,0,0.90416,49,0,6,,15.7289,225,1363,3.20016,64,0,0,30.6596,31,,1531,1571,,0,0,0,1
1677859695691,1,1010123456002,78,,0,0,0,1,0,,8.71628,215,110,1.27392,64,0,6,,15.6893,206,0,2.89325,59,0,0,30.4299,31,,1804,1872,,0,0,0,1
1677859695941,1,1010123456002,78,,0,0,0,1,0,,8.82738,168,0,1.1041,50,0,6,,15.7912,273,146949,4.14157,77,0,0,30.2769,31,,1518,1600,,0,0,0,1
1677859696191,1,1010123456002,78,,0,0,0,1,0,,9.05494,182,0,1.07398,48,0,6,,15.8233,266,148436,4.06464,75,0,0,30.1221,31,,1626,1701,,0,0,0,1
1677859696441,1,1010123456002,78,,0,0,0,1,0,,8.72727,187,0,1.04854,54,0,6,,15.5872,281,0,4.25962,80,0,0,30.332,31,,1526,1593,,0,0,0,1
1677859696691,1,1010123456002,78,,0,0,0,1,0,,9.21935,155,0,1.1049,45,0,6,,15.6626,246,0,3.57427,70,0,0,30.5489,31,,1528,1595,,0,0,0,1
1677859696941,1,1010123456002,78,,0,0,0,1,0,,9.22857,140,0,0.909216,41,0,6,,15.622,254,0,3.68237,72,0,0,30.4568,31,,1311,1359,,0,0,0,1
1677859697191,1,1010123456002,78,,0,0,0,1,0,,9.36752,117,0,0.828032,34,0,6,,15.6083,217,0,3.0665,62,0,0,30.6153,31,,1136,1185,,0,0,0,1
1677859697441,1,1010123456002,78,,0,0,0,1,0,,9.41085,129,0,0.896224,37,0,6,,15.3391,230,0,3.13517,65,0,0,30.7251,31,,1305,1347,,0,0,0,1
1677859697691,1,1010123456002,78,,0,0,0,1,0,,8.62667,150,0,0.999392,43,0,5.83333,,15.7633,245,0,3.61568,69,0,0,30.3631,31,,1508,1616,,0,0,0,1
1677859697941,1,1010123456002,78,,0,0,0,1,0,,9.15504,129,0,0.850752,36,0,6,,15.5134,261,0,3.82826,74,0,0,30.387,31,,1250,1340,,0,0,0,1
1677859698191,1,1010123456002,78,,0,0,0,1,0,,9.27068,133,0,0.9296,37,0,6,,15.6897,232,0,3.29763,65,0,0,30.6255,31,,1346,1408,,0,0,0,1
1677859698441,1,1010123456002,78,,0,0,0,1,0,,9.32031,128,0,0.862112,37,0,6,,15.7664,244,2404,3.72861,70,0,0,30.2559,31,,1245,1305,,0,0,0,1
1677859698691,1,1010123456002,78,,0,0,0,1,0,,9.38346,133,0,0.943424,40,0,6,,15.5609,271,0,3.9201,77,0,0,30.5622,31,,1324,1371,,0,0,0,1
1677859698941,1,1010123456002,78,,0,0,0,1,0,,8.64179,134,1063,0.837376,38,0,6,,15.6198,242,0,3.37104,69,0,0,30.7089,31,,1206,1287,,0,0,0,1
1677859699191,1,1010123456002,78,,0,0,0,1,0,,8.85534,159,0,0.929888,43,0,6,,15.827,237,0,3.57744,67,0,0,30.3137,31,,1402,1459,,0,0,0,1
1677859699441,1,1010123456002,78,,0,0,0,1,0,,8.73885,157,0,0.90432,45,0,6,,15.3373,255,146174,3.80758,73,0,0,30.5204,31,,1388,1491,,0,0,0,1
1677859699691,1,1010123456002,78,,0,0,0,1,0,,8.40132,152,0,0.94352,45,0,6,,15.7162,229,0,3.32742,65,0,0,30.5589,31,,1325,1400,,0,0,0,1
1677859699941,1,1010123456002,78,,0,0,0,1,0,,8.86061,165,0,0.943296,47,0,6,,15.6262,214,0,3.06605,61,0,0,30.5965,31,,1395,1448,,0,0,0,1
1677859700191,1,1010123456002,78,,0,0,0,1,0,,8.12658,158,0,0.936032,45,0,6,,15.7169,272,0,4.08371,77,0,0,30.3589,31,,1356,1448,,0,0,0,1
1677859700441,1,1010123456002,78,,0,0,0,1,0,,8.96753,154,0,0.915872,45,0,6,,15.7386,241,0,3.52323,68,0,0,30.3872,31,,1370,1425,,0,0,0,1
1677859700691,1,1010123456002,78,,0,0,0,1,0,,9.14493,138,0,0.924,41,0,6,,15.6437,247,0,3.63901,70,0,0,30.3636,31,,1333,1377,,0,0,0,1
1677859700941,1,1010123456002,78,,0,0,0,1,0,,8.5,162,1003,0.978784,46,0,6,,15.7331,236,0,3.37206,67,0,0,30.6107,31,,1416,1488,,0,0,0,1
1677859701191,1,1010123456002,78,,0,0,0,1,0,,9.06122,147,0,0.979968,42,0,6,,15.5708,226,0,3.20192,64,0,0,30.6764,31,,1391,1479,,0,0,0,1
1677859701441,1,1010123456002,78,,0,0,0,1,0,,9.24461,139,991,1.02032,39,0,6,,15.73,263,0,3.80755,75,0,0,30.5513,31,,1490,1575,,0,0,0,1
1677859701691,1,1010123456002,78,,0,0,0,1,0,,9.03008,133,0,0.964384,38,0,6,,15.5463,216,0,3.27485,61,0,0,30.2417,31,,1412,1502,,0,0,0,1
1677859701941,1,1010123456002,78,,0,0,0,1,0,,9.02703,148,0,1.08579,42,0,6,,15.728,250,0,3.57053,71,0,0,30.6867,31,,1535,1617,,0,0,0,1
1677859702191,1,1010123456002,78,,0,0,0,1,0,,8.95139,144,0,0.904288,42,0,6,,15.7707,205,0,3.00195,58,0,0,30.4296,31,,1293,1367,,0,0,0,1
1677859702441,1,1010123456002,78,,0,0,0,1,0,,8.90506,158,0,0.932544,43,0,6,,15.7096,303,141974,4.50013,85,0,0,30.4009,31,,1421,1493,,0,0,0,1
1677859702691,1,1010123456002,78,,0,0,0,1,0,,9.22794,136,0,1.02266,42,0,6,,15.6964,247,135189,3.62813,71,0,0,30.5335,31,,1384,1459,,0,0,0,1
1677859702941,1,1010123456002,78,,0,0,0,1,0,,8.48731,197,0,1.00637,55,0,6,,15.448,221,0,3.22762,63,0,0,30.4904,31,,1579,1661,,0,0,0,1
1677859703191,1,1010123456002,78,,0,0,0,1,0,,8.80795,151,0,1.06541,44,0,6,,15.8216,269,5476,4.03507,76,0,0,30.3336,31,,1480,1556,,0,0,0,1
1677859703441,1,1010123456002,78,,0,0,0,1,0,,9.14961,127,0,0.966752,38,0,6,,15.5279,233,0,3.35997,66,0,0,30.522,31,,1404,1487,,0,0,0,1
1677859703691,1,1010123456002,78,,0,0,0,1,0,,8.91573,178,0,1.08851,48,0,6,,15.7647,272,1817,3.97309,77,0,0,30.3696,31,,1713,1806,,0,0,0,1
1677859703941,1,1010123456002,78,,0,0,0,1,0,,9.41844,141,0,1.14099,43,0,6,,15.7944,248,0,3.74278,70,0,0,30.3146,31,,1487,1581,,0,0,0,1
1677859704191,1,1010123456002,78,,0,0,0,1,0,,8.7125,160,0,1.02618,44,0,6,,15.7074,229,0,3.40477,65,0,0,30.3404,31,,1502,1570,,0,0,0,1
1677859704441,1,1010123456002,78,,0,0,0,1,0,,8.90541,148,0,0.99776,46,0,6,,15.8089,246,0,3.7049,69,0,0,30.3539,31,,1408,1482,,0,0,0,1
1677859704691,1,1010123456002,78,,0,0,0,1,0,,8.69565,184,0,1.13318,52,0,6,,15.7939,262,0,3.8807,74,0,0,30.4313,31,,1670,1736,,0,0,0,1
1677859704941,1,1010123456002,78,,0,0,0,1,0,,9.22143,140,0,1.00506,41,0,6,,15.5153,196,0,2.67341,56,0,0,31.0237,31,,1452,1525,,0,0,0,1
1677859705191,1,1010123456002,78,,0,0,0,1,0,,8.63687,179,0,1.05997,48,0,6,,15.6295,278,0,4.20499,79,0,0,30.3922,31,,1606,1697,,0,0,0,1
1677859705441,1,1010123456002,78,,0,0,0,1,0,,9.10429,163,0,1.13901,49,0,6,,15.8672,271,0,4.23962,77,0,0,30.0015,31,,1635,1712,,0,0,0,1
1677859705691,1,1010123456002,78,,0,0,0,1,0,,8.37989,179,0,1.05139,52,0,6,,15.5875,240,0,3.53392,69,0,0,30.5555,31,,1483,1574,,0,0,0,1
1677859705941,1,1010123456002,78,,0,0,0,1,0,,8.68269,208,0,1.14589,57,0,6,,15.6409,220,0,3.15254,63,0,0,30.5866,31,,1714,1810,,0,0,0,1
1677859706191,1,1010123456002,78,,0,0,0,1,0,,8.85542,166,0,1.05962,47,0,6,,15.5817,251,0,3.62422,71,0,0,30.5535,31,,1552,1612,,0,0,0,1
1677859706441,1,1010123456002,78,,0,0,0,1,0,,8.97268,183,0,1.1215,52,0,6,,15.6684,193,0,2.65782,55,0,0,30.668,31,,1683,1760,,0,0,0,1
1677859706691,1,1010123456002,78,,0,0,0,1,0,,8.39286,196,0,1.15094,57,0,5.83333,,15.6723,235,0,3.43642,67,0,0,30.5859,31,,1755,1848,,0,0,0,1
1677859706941,1,1010123456002,78,,0,0,0,1,0,,9.45122,164,211,1.18083,48,0,6,,15.8167,251,0,3.79773,71,0,0,30.2712,31,,1667,1759,,0,0,0,1
1677859707191,1,1010123456002,78,,0,0,0,1,0,,9.15508,187,0,1.15114,51,0,6,,15.5167,209,0,2.77987,60,0,0,30.7707,31,,1692,1757,,0,0,0,1
1677859707441,1,1010123456002,78,,0,0,0,1,0,,8.95,180,0,1.25347,52,0,6,,15.4978,223,0,3.02979,63,0,0,30.8438,31,,1787,1885,,0,0,0,1
1677859707691,1,1010123456002,78,,0,0,0,1,0,,9.13559,177,0,1.13194,50,0,6,,15.619,210,0,2.99094,60,0,0,30.6689,31,,1658,1701,,0,0,0,1
1677859707941,1,1010123456002,78,,0,0,0,1,0,,8.925,200,0,1.1904,56,0,6,,15.7325,228,0,3.4192,65,0,0,30.382,31,,1791,1860,,0,0,0,1
1677859708191,1,1010123456002,78,,0,0,0,1,0,,9,202,0,1.25763,57,0,6,,15.6904,239,599,3.44339,68,0,0,30.5001,31,,1783,1833,,0,0,0,1
1677859708441,1,1010123456002,78,,0,0,0,1,0,,9.20909,220,0,1.31987,63,0,6.16667,,15.6511,235,3824,3.34022,66,0,0,30.5192,31,,1871,1934,,0,0,0,1
1677859708691,1,1010123456002,78,,0,0,0,1,0,,8.98515,202,0,1.27571,59,0,6,,15.4789,261,146184,3.73856,74,0,0,30.5871,31,,1831,1892,,0,0,0,1
1677859708941,1,1010123456002,78,,0,0,0,1,0,,8.81356,236,0,1.36205,66,0,6,,15.8199,261,146391,3.97338,74,0,0,30.3382,31,,1994,2082,,0,0,0,1
1677859709191,1,1010123456002,78,,0,0,0,1,0,,9.02451,204,0,1.30902,61,0,6,,15.4808,260,0,3.66141,74,0,0,30.7243,31,,1837,1901,,0,0,0,1
1677859709441,1,1010123456002,78,,0,0,0,1,0,,9.46789,218,169,1.44118,61,0,6,,15.6972,251,3107,3.54541,71,0,0,30.7019,31,,2140,2208,,0,0,0,1
1677859709691,1,1010123456002,78,,0,0,0,1,0,,9.40952,210,0,1.3785,60,0,6,,15.7316,231,0,3.26,65,0,0,30.5609,31,,1949,2007,,0,0,0,1
1677859709941,1,1010123456002,78,,0,0,0,1,0,,9.12931,232,1268,1.38275,64,0,6,,15.7925,241,2076,3.61386,69,0,0,30.3869,31,,2139,2172,,0,0,0,1
1677859710191,1,1010123456002,78,,0,0,0,1,0,,8.61234,227,163,1.46218,67,0,5.85714,,15.7063,252,0,3.69728,72,0,0,30.4059,31,,2268,2351,,0,0,0,1
1677859710441,1,1010123456002,78,,0,0,0,1,0,,9.60444,225,17,1.53664,62,0,6,,15.7984,248,0,3.6505,70,0,0,30.4193,31,,2250,2333,,0,0,0,1
1677859710691,1,1010123456002,78,,0,0,0,1,0,,8.89655,232,0,1.54381,68,0,6,,15.5337,208,0,2.88806,59,0,0,30.7886,31,,2168,2213,,0,0,0,1
1677859710941,1,1010123456002,78,,0,0,0,1,0,,8.80645,248,0,1.41542,70,0,6,,15.7689,212,0,3.17162,60,0,0,30.2805,31,,2080,2147,,0,0,0,1
1677859711191,1,1010123456002,78,,0,0,0,1,0,,9.64929,211,1401,1.48358,60,0,6,,15.7742,186,0,2.72202,53,0,0,30.4322,31,,2171,2201,,0,0,0,1
1677859711441,1,1010123456002,78,,0,0,0,1,0,,8.97359,265,33,1.50858,73,0,6,,15.6846,260,0,3.71965,73,0,0,30.5571,31,,2366,2449,,0,0,0,1
1677859711691,1,1010123456002,78,,0,0,0,1,0,,9.31984,247,0,1.6377,70,0,6,,15.5706,170,135117,2.30563,48,0,0,30.816,31,,2300,2368,,0,0,0,1
1677859711941,1,1010123456002,78,,0,0,0,1,0,,9.16017,231,0,1.53549,68,0,6,,15.5,180,0,2.34218,50,0,0,31.0325,31,,2189,2278,,0,0,0,1
1677859712191,1,1010123456002,78,,0,0,0,1,0,,9.68674,249,0,1.78755,70,0,6,,15.3963,217,149467,2.92099,61,0,0,30.9028,31,,2611,2673,,0,0,0,1
1677859712441,1,1010123456002,78,,0,0,0,1,0,,9.5,252,1243,1.76192,70,0,6,,15.5674,178,0,2.37565,50,0,0,30.8614,31,,2684,2712,,0,0,0,1
1677859712691,1,1010123456002,78,,0,0,0,1,0,,9.46352,233,0,1.71891,67,0,6,,15.5567,194,0,2.7168,55,0,0,30.5915,31,,2461,2513,,0,0,0,1
1677859712941,1,1010123456002,78,,0,0,0,1,0,,8.62712,295,0,1.73302,81,0,6,,15.7078,154,0,2.25482,44,0,0,30.5204,31,,2654,2721,,0,0,0,1
1677859713191,1,1010123456002,78,,0,0,0,1,0,,8.87645,259,235,1.72013,77,0,6,,15.5528,199,0,2.67194,56,0,0,30.863,31,,2430,2485,,0,0,0,1
1677859713441,1,1010123456002,78,,0,0,0,1,0,,9.44195,267,0,1.86493,76,0,6,,15.4516,186,0,2.40403,52,0,0,31.0029,31,,2761,2815,,0,0,0,1
1677859713691,1,1010123456002,78,,0,0,0,1,0,,9.2268,291,0,1.88909,86,0,6,,15.5298,168,0,2.19059,48,0,0,30.9772,31,,2697,2769,,0,0,0,1
1677859713941,1,1010123456002,78,,0,0,0,1,0,,9.37987,308,1568,1.97235,86,0,6,,15.7209,172,0,2.53187,49,0,0,30.4693,31,,2981,3070,,0,0,0,1
1677859714191,1,1010123456002,78,,0,0,0,1,0,,9.42759,290,0,2.0232,85,0,6,,15.3819,144,582,1.73181,40,0,0,31.1982,31,,2861,2959,,0,0,0,1
1677859714441,1,1010123456002,78,,0,0,0,1,0,,9.23226,310,0,1.88352,83,0,6,,15.6115,157,0,2.12022,44,0,0,30.5857,31,,3019,3089,,0,0,0,1
1677859714691,1,1010123456002,78,,0,0,0,1,0,,9.58696,276,0,2.10813,86,0,6,,15.6237,186,0,2.67299,53,0,0,30.5726,31,,2802,2856,,0,0,0,1
1677859714941,1,1010123456002,78,,0,0,0,1,0,,9.20608,296,3628,1.98266,82,0,6,,15.3704,135,0,1.62144,38,0,0,31.2233,31,,3016,3093,,0,0,0,1
1677859715191,1,1010123456002,78,,0,0,0,1,0,,9.05405,333,0,2.17139,95,0,6,,15.4667,120,0,1.48947,34,0,0,31.0607,31,,3101,3163,,0,0,0,1
1677859715441,1,1010123456002,78,,0,0,0,1,0,,9.52508,299,1569,1.93766,84,0,6,,15.517,147,0,1.89997,41,0,0,30.6948,31,,2993,3048,,0,0,0,1
1677859715691,1,1010123456002,78,,0,0,0,1,0,,9.16129,341,0,2.2896,100,0,6,,15.3397,156,0,1.95779,44,0,0,31.1698,31,,3211,3272,,0,0,0,1
1677859715941,1,1010123456002,78,,0,0,0,1,0,,9.39645,338,0,2.16042,92,0,6,,15.5985,137,0,1.81034,39,0,0,30.7214,31,,3362,3408,,0,0,0,1
1677859716191,1,1010123456002,78,,0,0,0,1,0,,9.69079,304,0,2.20205,89,0,6,,15.5254,118,0,1.51229,33,0,0,30.8391,31,,3162,3209,,0,0,0,1
1677859716441,1,1010123456002,78,,0,0,0,1,0,,9.63272,324,129,2.38128,90,0,6,,15.6294,143,0,1.88243,40,0,0,30.8501,31,,3611,3647,,0,0,0,1
1677859716691,1,1010123456002,78,,0,0,0,1,0,,8.70572,350,0,2.28266,101,0,5.83333,,15.3866,119,0,1.42496,34,0,0,30.9489,31,,3460,3548,,0,0,0,1
1677859716941,1,1010123456002,78,,0,0,0,1,0,,9.41115,287,0,2.07728,87,0,6,,15.248,125,967,1.42029,35,0,0,31.4642,31,,2960,3011,,0,0,0,1
1677859717191,1,1010123456002,78,,0,0,0,1,0,,0,0,0,0,0,0,6,,15.384,125,0,1.53859,35,0,0,30.9234,31,,0,0,,0,0,0,1
1677859717441,1,1010123456002,78,,0,0,0,1,0,,10.1914,486,12748,4.2319,137,0,6,,15.3529,119,0,1.43667,34,0,0,31.0593,31,,6312,6299,,0,0,0,1
1677859717691,1,1010123456002,78,,0,0,0,1,0,,9.53778,225,0,1.82589,66,0,6,,15.5141,142,0,1.86003,40,0,0,31.081,31,,2577,2620,,0,0,0,1
1677859717941,1,1010123456002,78,,0,0,0,1,0,,9.27811,169,0,1.0641,44,0,6,,15.5583,120,0,1.50563,34,0,0,30.949,31,,1750,1809,,0,0,0,1
1677859718191,1,1010123456002,78,,0,0,0,1,0,,8.336,250,0,1.51267,74,0,5.85714,,15.5419,155,0,2.02294,44,0,0,30.8982,31,,2228,2326,,0,0,0,1
1677859718441,1,1010123456002,78,,0,0,0,1,0,,8.53929,280,0,1.78262,79,0,5.83333,,15.0777,103,0,1.08368,29,0,0,31.8891,31,,2933,3015,,0,0,0,1
1677859718691,1,1010123456002,78,,0,0,0,1,0,,9.25556,270,0,1.92653,81,0,6,,15.5405,148,0,1.90544,42,0,0,31.0242,31,,2701,2758,,0,0,0,1
1677859718941,1,1010123456002,78,,0,0,0,1,0,,9.25249,301,265,1.95267,84,0,6,,15.4135,104,967,1.26387,30,0,0,31.1493,31,,2977,3032,,0,0,0,1
1677859719191,1,1010123456002,78,,0,0,0,1,0,,9.08146,356,0,2.26147,103,0,6,,15.5374,147,219,1.92963,41,0,0,30.8867,31,,3246,3330,,0,0,0,1
1677859719441,1,1010123456002,78,,0,0,0,1,0,,9.15015,333,1151,2.0256,90,0,6,,15.5462,130,0,1.7289,37,0,0,31.1371,31,,3107,3188,,0,0,0,1
1677859719691,1,1010123456002,78,,0,0,0,1,0,,9.33434,332,0,2.29638,98,0,6,,15.2553,141,0,1.70262,40,0,0,31.1527,31,,3296,3396,,0,0,0,1
1677859719941,1,1010123456002,78,,0,0,0,1,0,,9.37275,389,0,2.67146,110,0,6,,15.4833,180,0,2.34918,51,0,0,31.0514,31,,3977,4038,,0,0,0,1
1677859720191,1,1010123456002,78,,0,0,0,1,0,,9.45308,309,1512,1.99034,87,0,6,,15.6766,167,0,2.40544,47,0,0,30.3987,31,,3025,3074,,0,0,0,1
1677859720441,1,1010123456002,78,,0,0,0,1,0,,9.31392,309,1175,2.10861,90,0,6,,15.7854,233,0,3.44189,66,0,0,30.3866,31,,3044,3114,,0,0,0,1
1677859720691,1,1010123456002,78,,0,0,0,1,0,,9.32615,325,1135,2.22035,96,0,6,,15.5267,131,0,1.67853,37,0,0,30.8373,31,,3148,3219,,0,0,0,1
1677859720941,1,1010123456002,78,,0,0,0,1,0,,9.02258,310,0,1.67581,86,0,6,,15.6159,151,0,2.04419,43,0,0,30.7173,31,,2522,2583,,0,0,0,1
1677859721191,1,1010123456002,78,,0,0,0,1,0,,8.71315,251,1291,1.33389,70,0,6,,15.7134,164,0,2.35555,46,0,0,30.3413,31,,2015,2085,,0,0,0,1
1677859721441,1,1010123456002,78,,0,0,0,1,0,,9.29167,264,209,1.62179,75,0,6,,15.3789,161,0,2.08445,46,0,0,31.1327,31,,2441,2504,,0,0,0,1
1677859721691,1,1010123456002,78,,0,0,0,1,0,,9.04016,249,0,1.57098,75,0,6,,15.5845,142,0,1.96474,40,0,0,30.5797,31,,2121,2197,,0,0,0,1
1677859721941,1,1010123456002,78,,0,0,0,1,0,,8.8838,284,0,1.6487,78,0,6,,15.4878,123,0,1.56346,35,0,0,31.0237,31,,2497,2566,,0,0,0,1
1677859722191,1,1010123456002,78,,0,0,0,1,0,,9.10924,238,0,1.45546,70,0,6.14286,,15.6545,165,0,2.42419,47,0,0,30.2866,31,,2098,2167,,0,0,0,1
1677859722441,1,1010123456002,78,,0,0,0,1,0,,9.46798,203,0,1.44771,56,0,6,,15.4695,164,146440,2.11008,47,0,0,31.0908,31,,2210,2242,,0,0,0,1
1677859722691,1,1010123456002,78,,0,0,0,1,0,,9.65447,246,0,1.68333,70,0,6.16667,,15.6622,148,0,2.06666,42,0,0,30.4894,31,,2394,2468,,0,0,0,1
1677859722941,1,1010123456002,78,,0,0,0,1,0,,9.06426,249,0,1.65226,74,0,6,,15.1951,164,0,1.85424,46,0,0,31.6137,31,,2304,2361,,0,0,0,1
1677859723191,1,1010123456002,78,,0,0,0,1,0,,9.14286,259,0,1.6377,74,0,6,,15.5476,168,0,2.23971,48,0,0,30.9418,31,,2428,2492,,0,0,0,1
1677859723441,1,1010123456002,78,,0,0,0,1,0,,10.6417,240,1027,1.56547,67,0,7.5,,15.5759,158,0,2.15418,45,0,0,30.8857,31,,2016,2085,,0,0,0,1
1677859723691,1,1010123456002,78,,0,0,0,1,0,,9.20238,252,0,1.68842,75,0,6,,15.4851,202,135117,2.71046,58,0,0,30.7959,31,,2387,2454,,0,0,0,1
1677859723941,1,1010123456002,78,,0,0,0,1,0,,8.56015,266,0,1.51088,73,0,5.83333,,15.717,159,0,2.14518,45,0,0,30.7535,31,,2495,2597,,0,0,0,1
1677859724191,1,1010123456002,78,,0,0,0,1,0,,9.392,250,0,1.784,72,0,6,,15.4939,164,0,2.17718,47,0,0,30.8158,31,,2574,2649,,0,0,0,1
1677859724441,1,1010123456002,78,,0,0,0,1,0,,8.67832,286,201,1.66118,81,0,6,,15.8161,174,0,2.5784,50,0,0,30.3086,31,,2467,2525,,0,0,0,1
1677859724691,1,1010123456002,78,,0,0,0,1,0,,9,273,0,1.62749,77,0,6,,15.7305,167,0,2.3552,47,0,0,30.7154,31,,2441,2518,,0,0,0,1
1677859724941,1,1010123456002,78,,0,0,0,1,0,,9.56277,231,0,1.74368,68,0,6,,15.4609,128,0,1.53338,36,0,0,31.3553,31,,2448,2502,,0,0,0,1
1677859725191,1,1010123456002,78,,0,0,0,1,0,,8.92567,296,330,1.76387,81,0,6,,15.5732,157,0,2.08595,44,0,0,30.7091,31,,2787,2868,,0,0,0,1
1677859725441,1,1010123456002,78,,0,0,0,1,0,,9.44978,229,73,1.71491,71,0,6,,15.5177,141,0,1.85606,40,0,0,30.8018,31,,2308,2389,,0,0,0,1
1677859725691,1,1010123456002,78,,0,0,0,1,0,,9.43333,210,1177,1.50403,60,0,6,,15.518,139,0,1.89312,39,0,0,30.8654,31,,2175,2238,,0,0,0,1
1677859725941,1,1010123456002,78,,0,0,0,1,0,,9.68199,261,0,1.75002,71,0,6,,15.5079,126,1132,1.58992,36,0,0,31.0969,31,,2759,2801,,0,0,0,1
1677859726191,1,1010123456002,78,,0,0,0,1,0,,9.19167,240,201,1.6513,71,0,6,,15.5175,114,0,1.48483,32,0,0,30.9093,31,,2240,2302,,0,0,0,1
1677859726441,1,1010123456002,78,,0,0,0,1,0,,8.75566,221,0,1.30022,63,0,6,,15.5423,142,0,1.86262,40,0,0,30.7775,31,,1861,1947,,0,0,0,1
1677859726691,1,1010123456002,78,,0,0,0,1,0,,9.06103,213,0,1.31782,63,0,6,,15.5702,114,0,1.46003,32,0,0,30.9059,31,,1992,2043,,0,0,0,1
1677859726941,1,1010123456002,78,,0,0,0,1,0,,8.78367,245,0,1.34963,70,0,6,,15.2615,130,0,1.52982,37,0,0,31.4406,31,,1935,2003,,0,0,0,1
1677859727191,1,1010123456002,78,,0,0,0,1,0,,9.19697,198,0,1.3112,59,0,6,,15.6471,170,0,2.3841,48,0,0,30.657,31,,1874,1940,,0,0,0,1
1677859727441,1,1010123456002,78,,0,0,0,1,0,,9.07317,205,0,1.25766,59,0,6,,15.665,197,0,2.82413,56,0,0,30.5546,31,,1844,1911,,0,0,0,1
1677859727691,1,1010123456002,78,,0,0,0,1,0,,9.43,200,0,1.34038,57,0,6,,15.3826,149,0,1.92624,42,0,0,30.9973,31,,1987,2054,,0,0,0,1
1677859727941,1,1010123456002,78,,0,0,0,1,0,,8.63793,232,0,1.37238,67,0,6,,15.6776,152,0,2.06506,43,0,0,30.7699,31,,1945,2050,,0,0,0,1
1677859728191,1,1010123456002,78,,0,0,0,1,0,,9.16078,255,0,1.45542,70,0,6,,15.5827,139,0,1.81738,39,0,0,30.9149,31,,2170,2253,,0,0,0,1
1677859728441,1,1010123456002,78,,0,0,0,1,0,,9.11707,205,1187,1.34912,56,0,6,,15.3721,129,0,1.5527,36,0,0,31.2894,31,,1951,2024,,0,0,0,1
1677859728691,1,1010123456002,78,,0,0,0,1,0,,9.37755,196,0,1.3264,58,0,6,,15.1074,121,0,1.37741,34,0,0,31.3545,31,,1898,1969,,0,0,0,1
1677859728941,1,1010123456002,78,,0,0,0,1,0,,8.80173,232,0,1.35882,66,0,6,,15.4961,129,135117,1.67597,36,0,0,31.03,31,,1953,2032,,0,0,0,1
1677859729191,1,1010123456002,78,,0,0,0,1,0,,9.55615,187,119,1.27088,55,0,6,,15.5766,137,0,1.89952,39,0,0,30.743,31,,1886,1948,,0,0,0,1
1677859729441,1,1010123456002,78,,0,0,0,1,0,,9.14754,244,0,1.48701,69,0,6,,15.6626,166,0,2.39942,47,0,0,30.4198,31,,2143,2209,,0,0,0,1
1677859729691,1,1010123456002,78,,0,0,0,1,0,,8.80555,252,2173,1.43674,70,0,6,,15.4252,127,0,1.60915,36,0,0,30.9786,31,,2150,2214,,0,0,0,1
1677859729941,1,1010123456002,78,,0,0,0,1,0,,9.44976,209,0,1.40614,60,0,6,,15.2564,117,0,1.28122,33,0,0,31.1921,31,,2035,2098,,0,0,0,1
1677859730191,1,1010123456002,78,,0,0,0,1,0,,9.32642,193,0,1.33389,55,0,6,,15.6497,157,0,2.21098,44,0,0,30.6525,31,,1949,2018,,0,0,0,1
1677859730441,1,1010123456002,78,,0,0,0,1,0,,8.36325,234,0,1.34166,69,0,6,,15.5984,127,0,1.68538,36,0,0,30.8005,31,,1932,2012,,0,0,0,1
1677859730691,1,1010123456002,78,,0,0,0,1,0,,8.74088,274,0,1.54474,77,0,6,,15.0606,132,0,1.53142,38,0,0,31.4367,31,,2337,2419,,0,0,0,1
1677859730941,1,1010123456002,78,,0,0,0,1,0,,9.36364,187,0,1.28061,50,0,6,,15.5871,155,0,2.17408,44,0,0,30.6206,31,,1934,2054,,0,0,0,1
1677859731191,1,1010123456002,78,,0,0,0,1,0,,9.13551,214,0,1.43693,64,0,6,,15.4686,175,0,2.28134,49,0,0,30.789,31,,1967,2031,,0,0,0,1
1677859731441,1,1010123456002,78,,0,0,0,1,0,,9.06751,237,0,1.53504,65,0,6,,15.5217,138,0,1.84211,39,0,0,30.8076,31,,2247,2358,,0,0,0,1
1677859731691,1,1010123456002,78,,0,0,0,1,0,,8.87755,245,1207,1.52288,71,0,6,,15.3657,134,0,1.78269,38,0,0,30.8918,31,,2229,2312,,0,0,0,1
1677859731941,1,1010123456002,78,,0,0,0,1,0,,9,248,0,1.51539,75,0,6,,15.3885,139,91,1.80771,39,0,0,30.851,31,,2084,2185,,0,0,0,1
1677859732191,1,1010123456002,78,,0,0,0,1,0,,8.81193,218,1201,1.44624,63,0,5.85714,,15.6096,146,0,2.03984,41,0,0,30.6366,31,,2269,2339,,0,0,0,1
1677859732441,1,1010123456002,78,,0,0,0,1,0,,9.11321,212,0,1.34419,59,0,6,,15.4639,97,0,1.14067,27,0,0,31.1658,31,,1962,2045,,0,0,0,1
1677859732691,1,1010123456002,78,,0,0,0,1,0,,9.32719,217,0,1.43386,60,0,6,,15.3212,137,0,1.664,39,0,0,31.2185,31,,2184,2244,,0,0,0,1
1677859732941,1,1010123456002,78,,0,0,0,1,0,,8.92917,240,0,1.5065,71,0,6,,15.2794,136,0,1.65005,38,0,0,31.2369,31,,2139,2196,,0,0,0,1
1677859733191,1,1010123456002,78,,0,0,0,1,0,,8.95798,238,312,1.37034,63,0,6,,15.562,121,1132,1.5951,34,0,0,30.6617,31,,2224,2262,,0,0,0,1
1677859733441,1,1010123456002,78,,0,0,0,1,0,,9.29612,206,0,1.43792,62,0,6,,14.7684,95,0,0.855296,27,0,0,31.842,31,,1975,2015,,0,0,0,1
1677859733691,1,1010123456002,78,,0,0,0,1,0,,9.01215,247,0,1.52342,69,0,6,,15.1515,99,0,0.97472,28,0,0,31.8182,31,,2230,2296,,0,0,0,1
1677859733941,1,1010123456002,78,,0,0,0,1,0,,9.24889,225,0,1.44522,63,0,6,,15.5319,141,0,1.84454,40,0,0,30.8246,31,,2172,2231,,0,0,0,1
1677859734191,1,1010123456002,78,,0,0,0,1,0,,9.3125,208,1352,1.49168,62,0,6,,15.6807,166,0,2.31878,47,0,0,30.6602,31,,2101,2153,,0,0,0,1
1677859734441,1,1010123456002,78,,0,0,0,1,0,,9.64021,189,0,1.37434,55,0,6,,15.375,128,0,1.64461,36,0,0,31.0486,31,,1964,1989,,0,0,0,1
1677859734691,1,1010123456002,78,,0,0,0,1,0,,0,0,0,0,0,0,6,,15.4234,137,0,1.76157,39,0,0,30.7999,31,,0,0,,0,0,0,1
1677859734941,1,1010123456002,78,,0,0,0,1,0,,9.93931,346,49,2.70557,94,0,6,,15.3273,110,0,1.26598,31,0,0,31.2588,31,,4166,4195,,0,0,0,1
1677859735191,1,1010123456002,78,,0,0,0,1,0,,9.02113,142,0,1.03798,43,0,6,,15.5565,124,0,1.62787,35,0,0,30.9379,31,,1291,1408,,0,0,0,1
1677859735441,1,1010123456002,78,,0,0,0,1,0,,8.88272,162,0,0.94368,46,0,6,,15.7263,179,0,2.52298,50,0,0,30.6661,31,,1457,1510,,0,0,0,1
1677859735691,1,1010123456002,78,,0,0,0,1,0,,9.22963,135,0,0.950688,40,0,6,,15.5036,137,0,1.74733,39,0,0,30.895,31,,1341,1406,,0,0,0,1
1677859735941,1,1010123456002,78,,0,0,0,1,0,,8.87671,146,0,0.905824,42,0,6,,15.025,120,0,1.33549,34,0,0,31.5613,31,,1307,1389,,0,0,0,1
1677859736191,1,1010123456002,78,,0,0,0,1,0,,8.80838,167,1067,0.91744,45,0,6,,15.4479,96,0,1.18445,27,0,0,30.976,31,,1391,1444,,0,0,0,1
1677859736441,1,1010123456002,78,,0,0,0,1,0,,8.67081,161,0,0.897728,46,0,6,,15.5951,163,0,2.26512,46,0,0,30.5978,31,,1313,1377,,0,0,0,1
1677859736691,1,1010123456002,78,,0,0,0,1,0,,9.10648,216,0,1.39267,61,0,6,,15.4681,141,0,1.83382,40,0,0,30.9431,31,,2015,2065,,0,0,0,1
1677859736941,1,1010123456002,78,,0,0,0,1,0,,9.16379,232,0,1.52048,67,0,6,,15.1885,122,1132,1.44461,34,0,0,31.4589,31,,2194,2240,,0,0,0,1
1677859737191,1,1010123456002,78,,0,0,0,1,0,,9.15984,244,0,1.47459,66,0,6,,15.2463,134,0,1.64387,38,0,0,31.2198,31,,2218,2272,,0,0,0,1
1677859737441,1,1010123456002,78,,0,0,0,1,0,,8.6443,298,0,1.63782,86,0,6,,15.6667,153,0,2.13872,43,0,0,30.5832,31,,2313,2425,,0,0,0,1
1677859737691,1,1010123456002,78,,0,0,0,1,0,,8.45745,282,161,1.5552,77,0,5.83333,,15.512,166,0,2.23981,47,0,0,30.687,31,,2573,2665,,0,0,0,1
1677859737941,1,1010123456002,78,,0,0,0,1,0,,8.62585,294,0,1.62486,87,0,6,,15.6875,160,0,2.24666,45,0,0,30.5597,31,,2246,2354,,0,0,0,1
1677859738191,1,1010123456002,78,,0,0,0,1,0,,8.57827,313,1363,1.63443,88,0,6,,15.1491,114,0,1.33526,32,0,0,31.2795,31,,2469,2541,,0,0,0,1
1677859738441,1,1010123456002,78,,0,0,0,1,0,,8.90681,279,0,1.84874,80,0,5.83333,,15.7486,183,0,2.73338,52,0,0,30.41,31,,2784,2864,,0,0,0,1
1677859738691,1,1010123456002,78,,0,0,0,1,0,,9.14885,262,2384,1.67642,76,0,6,,15.0581,86,0,0.833888,24,0,0,31.9946,31,,2450,2512,,0,0,0,1
1677859738941,1,1010123456002,78,,0,0,0,1,0,,9.36111,252,1083,1.66339,72,0,6,,15.1967,122,91,1.46659,34,0,0,31.3162,31,,2444,2497,,0,0,0,1
1677859739191,1,1010123456002,78,,0,0,0,1,0,,9.51389,288,0,1.89782,78,0,6.14286,,15.5597,159,0,2.21037,45,0,0,30.7566,31,,2840,2899,,0,0,0,1
1677859739441,1,1010123456002,78,,0,0,0,1,0,,9.0298,302,0,1.86352,91,0,6,,15.4153,118,0,1.49232,33,0,0,31.1524,31,,2532,2612,,0,0,0,1
1677859739691,1,1010123456002,78,,0,0,0,1,0,,9.06462,325,185,1.85261,90,0,6,,15.6566,166,0,2.18563,47,0,0,30.9944,31,,2824,2898,,0,0,0,1
1677859739941,1,1010123456002,78,,0,0,0,1,0,,8.62686,268,0,1.77571,79,0,5.83333,,15.3788,132,0,1.71139,38,0,0,31.2119,31,,2676,2764,,0,0,0,1
1677859740191,1,1010123456002,78,,0,0,0,1,0,,9.46689,302,0,1.94016,83,0,6,,15.4906,159,0,2.15734,45,0,0,30.6894,31,,2913,2972,,0,0,0,1
1677859740441,1,1010123456002,78,,0,0,0,1,0,,8.99041,313,0,2.09456,93,0,6,,15.3782,119,0,1.35427,34,0,0,31.2938,31,,3000,3056,,0,0,0,1
1677859740691,1,1010123456002,78,,0,0,0,1,0,,8.89231,325,0,1.90934,89,0,6,,15.5369,149,0,1.95622,42,0,0,30.8977,31,,2923,2985,,0,0,0,1
1677859740941,1,1010123456002,78,,0,0,0,1,0,,8.23497,366,0,2.05901,107,0,6,,15.6579,152,0,2.16467,43,0,0,30.4567,31,,2986,3082,,0,0,0,1
1677859741191,1,1010123456002,78,,0,0,0,1,0,,9.21037,328,1576,2.11306,92,0,6,,15.6377,138,0,1.84253,39,0,0,30.7658,31,,3165,3246,,0,0,0,1
1677859741441,1,1010123456002,78,,0,0,0,1,0,,9.44479,326,0,2.2137,94,0,6,,15.466,103,0,1.24182,29,0,0,31.2461,31,,3147,3213,,0,0,0,1
1677859741691,1,1010123456002,78,,0,0,0,1,0,,9.1039,385,2690,2.21338,110,0,6,,15.4647,170,0,2.26224,48,0,0,30.842,31,,3270,3377,,0,0,0,1
1677859741941,1,1010123456002,78,,0,0,0,1,0,,9.25,316,0,2.0665,90,0,6,,15.6971,175,0,2.55152,50,0,0,30.5176,31,,3038,3118,,0,0,0,1
1677859742191,1,1010123456002,78,,0,0,0,1,0,,9.2372,371,0,2.13062,100,0,6,,15.6258,155,0,2.09187,44,0,0,30.7519,31,,3377,3472,,0,0,0,1
1677859742441,1,1010123456002,78,,0,0,0,1,0,,9.14439,374,0,2.5609,112,0,6,,15.4444,126,0,1.5617,36,0,0,31.1057,31,,3503,3595,,0,0,0,1
1677859742691,1,1010123456002,78,,0,0,0,1,0,,9.25284,352,1175,2.43398,100,0,6,,15.6194,155,135117,2.09411,44,0,0,30.7518,31,,3625,3690,,0,0,0,1
1677859742941,1,1010123456002,78,,0,0,0,1,0,,9.54487,312,0,2.26262,91,0,6,,15.4528,159,0,2.07805,45,0,0,30.918,31,,3251,3292,,0,0,0,1
1677859743191,1,1010123456002,78,,0,0,0,1,0,,9.19832,358,0,2.31238,102,0,6,,15.5068,148,0,1.99552,42,0,0,30.8837,31,,3382,3470,,0,0,0,1
1677859743441,1,1010123456002,78,,0,0,0,1,0,,9.69129,379,0,2.5911,102,0,6,,15.625,160,0,2.16227,45,0,0,30.86,31,,3949,4016,,0,0,0,1
1677859743691,1,1010123456002,78,,0,0,0,1,0,,9.35354,396,0,2.6127,113,0,6,,15.5455,165,135117,2.12864,47,0,0,30.9194,31,,3837,3938,,0,0,0,1
1677859743941,1,1010123456002,78,,0,0,0,1,0,,9.48876,356,0,2.51997,105,0,6,,15.6081,148,0,2.04032,42,0,0,30.6561,31,,3562,3685,,0,0,0,1
1677859744191,1,1010123456002,78,,0,0,0,1,0,,8.54502,422,0,2.59158,117,0,5.85714,,15.6239,117,0,1.49008,33,0,0,31.0282,31,,4369,4469,,0,0,0,1
1677859744441,1,1010123456002,78,,0,0,0,1,0,,9.45918,392,101,2.74224,114,0,6,,15.4159,113,0,1.35504,32,0,0,31.5047,31,,3916,4003,,0,0,0,1
1677859744691,1,1010123456002,78,,0,0,0,1,0,,8.70558,394,1300,2.62221,114,0,6,,15.7226,137,135117,1.95683,39,0,0,30.5623,31,,3793,3873,,0,0,0,1
1677859744941,1,1010123456002,78,,0,0,0,1,0,,9.15625,416,0,2.86512,120,0,6,,15.5975,159,0,2.11546,45,0,0,30.8417,31,,4131,4227,,0,0,0,1
1677859745191,1,1010123456002,78,,0,0,0,1,0,,9.11054,389,0,2.5624,106,0,6,,15.5939,165,512,2.19264,47,0,0,30.7715,31,,3919,4001,,0,0,0,1
1677859745441,1,1010123456002,78,,0,0,0,1,0,,9.46329,395,455,2.65558,113,0,6,,15.5346,159,0,2.09091,45,0,0,30.7339,31,,4000,4073,,0,0,0,1
1677859745691,1,1010123456002,78,,0,0,0,1,0,,9.2767,412,0,2.87568,121,0,6,,15.5769,156,0,2.06365,44,0,0,31.0029,31,,4100,4193,,0,0,0,1
1677859745941,1,1010123456002,78,,0,0,0,1,0,,9.44554,404,0,2.88051,117,0,6,,15.1206,141,0,1.63283,40,0,0,31.5101,31,,4127,4193,,0,0,0,1
1677859746191,1,1010123456002,78,,0,0,0,1,0,,9.24548,387,555,2.49843,109,0,6,,15.5931,145,0,1.96803,41,0,0,30.7647,31,,3760,3831,,0,0,0,1
1677859746441,1,1010123456002,78,,0,0,0,1,0,,9.38107,391,0,2.75674,113,0,6,,15.5312,128,0,1.58883,36,0,0,31.0307,31,,4015,4084,,0,0,0,1
1677859746691,1,1010123456002,78,,0,0,0,1,0,,9.40148,406,185,2.68278,111,0,6,,15.5461,141,0,1.82314,40,0,0,30.9936,31,,4112,4186,,0,0,0,1
1677859746941,1,1010123456002,78,,0,0,0,1,0,,9.00464,431,1115,2.79738,125,0,6,,15.1905,84,826,0.828832,24,0,0,31.8652,31,,4010,4112,,0,0,0,1
1677859747191,1,1010123456002,78,,0,0,0,1,0,,8.99539,434,0,2.87946,121,0,5.85714,,15.4032,124,0,1.50595,35,0,0,31.2162,31,,4540,4637,,0,0,0,1
1677859747441,1,1010123456002,78,,0,0,0,1,0,,9.56948,367,0,2.73434,110,0,6,,15.3172,145,0,1.63376,41,0,0,31.5085,31,,3819,3902,,0,0,0,1
1677859747691,1,1010123456002,78,,0,0,0,1,0,,9.38152,422,417,2.64038,114,0,6,,15.6016,123,0,1.61085,35,0,0,31.0329,31,,4199,4286,,0,0,0,1
1677859747941,1,1010123456002,78,,0,0,0,1,0,,9.60174,344,0,2.7447,102,0,6,,15.5639,133,826,1.68838,38,0,0,31.1386,31,,3785,3865,,0,0,0,1
1677859748191,1,1010123456002,78,,0,0,0,1,0,,9.5934,364,0,2.6448,105,0,6,,15.1327,98,0,1.04384,28,0,0,31.689,31,,3906,3990,,0,0,0,1
1677859748441,1,1010123456002,78,,0,0,0,1,0,,9.40314,382,145,2.63398,112,0,6,,15.5324,139,0,1.68515,39,0,0,31.2477,31,,3798,3872,,0,0,0,1
1677859748691,1,1010123456002,78,,0,0,0,1,0,,9.30435,391,0,2.53286,107,0,6,,15.438,137,0,1.60426,39,0,0,31.3487,31,,3787,3852,,0,0,0,1
1677859748941,1,1010123456002,78,,0,0,0,1,0,,9.44076,422,0,2.94141,122,0,6,,15.4573,164,0,2.13523,47,0,0,31.141,31,,4301,4378,,0,0,0,1
1677859749191,1,1010123456002,78,,0,0,0,1,0,,9.79939,324,0,2.44803,95,0,6.14286,,15.7278,169,0,2.49888,48,0,0,30.4711,31,,3413,3495,,0,0,0,1
1677859749441,1,1010123456002,78,,0,0,0,1,0,,9.509,389,0,2.77853,106,0,6,,15.485,167,0,2.13962,47,0,0,30.9833,31,,4235,4320,,0,0,0,1
1677859749691,1,1010123456002,78,,0,0,0,1,0,,9.62797,379,133,2.75398,107,0,6,,15.5167,120,135117,1.58787,34,0,0,30.9314,31,,4012,4093,,0,0,0,1
1677859749941,1,1010123456002,78,,0,0,0,1,0,,9.17571,387,0,2.6937,116,0,6,,15.5556,162,826,2.1025,46,0,0,30.9368,31,,3824,3901,,0,0,0,1
1677859750191,1,1010123456002,78,,0,0,0,1,0,,9.58886,377,4733,2.65869,107,0,6,,15.4937,158,0,2.1096,45,0,0,31.0301,31,,3934,4018,,0,0,0,1
1677859750441,1,1010123456002,78,,0,0,0,1,0,,9.33504,391,0,2.71331,110,0,6,,15.625,112,0,1.44323,31,0,0,30.9211,31,,3995,4054,,0,0,0,1
1677859750691,1,1010123456002,78,,0,0,0,1,0,,9.55118,381,0,2.67808,106,0,6,,15.7516,153,0,2.21507,43,0,0,30.4962,31,,4174,4221,,0,0,0,1
1677859750941,1,1010123456002,78,,0,0,0,1,0,,9.96615,325,1171,2.70531,95,0,6,,15.5299,134,0,1.64048,38,0,0,31.1397,31,,3878,3937,,0,0,0,1
1677859751191,1,1010123456002,78,,0,0,0,1,0,,9.30653,398,299,2.76618,115,0,6,,15.5789,152,0,2.01885,43,0,0,30.8088,31,,4091,4157,,0,0,0,1
1677859751441,1,1010123456002,78,,0,0,0,1,0,,9.74631,339,0,2.71142,101,0,6,,15.4919,124,0,1.53402,35,0,0,31.0486,31,,3788,3843,,0,0,0,1
1677859751691,1,1010123456002,78,,0,0,0,1,0,,9.63867,393,1267,2.78832,107,0,6,,15.5595,168,0,2.27728,48,0,0,30.7026,31,,4290,4379,,0,0,0,1
1677859751941,1,1010123456002,78,,0,0,0,1,0,,9.58201,378,0,2.86736,113,0,6,,15.5573,131,0,1.6327,37,0,0,31.1324,31,,4012,4067,,0,0,0,1
1677859752191,1,1010123456002,78,,0,0,0,1,0,,9.44473,389,4769,2.55933,105,0,6,,15.2263,137,0,1.55872,39,0,0,31.6608,31,,4023,4097,,0,0,0,1
1677859752441,1,1010123456002,78,,0,0,0,1,0,,9.50523,382,0,2.89533,115,0,6,,15.4745,137,0,1.78829,39,0,0,30.9722,31,,4002,4075,,0,0,0,1
1677859752691,1,1010123456002,78,,0,0,0,1,0,,8.89058,329,0,2.1456,94,0,5.83333,,15.4793,121,1624,1.58141,34,0,0,31.0135,31,,3363,3441,,0,0,0,1
1677859752941,1,1010123456002,78,,0,0,0,1,0,,10.1,300,0,2.50278,86,0,6,,15.3134,134,0,1.62698,38,0,0,31.2069,31,,3671,3689,,0,0,0,1
1677859753191,1,1010123456002,78,,0,0,0,1,0,,9.44729,351,0,2.37741,97,0,5.85714,,15.4803,127,0,1.60938,36,0,0,31.1107,31,,3552,3615,,0,0,0,1
1677859753441,1,1010123456002,78,,0,0,0,1,0,,8.90154,325,0,2.13197,91,0,6,,15.5481,135,0,1.68221,38,0,0,31.0313,31,,3503,3557,,0,0,0,1
1677859753691,1,1010123456002,78,,0,0,0,1,0,,9.42553,329,0,2.4441,97,0,6,,15.4586,133,0,1.62557,38,0,0,31.137,31,,3388,3443,,0,0,0,1
1677859753941,1,1010123456002,78,,0,0,0,1,0,,9.50148,337,0,2.44992,96,0,6,,15.7608,209,0,3.1257,59,0,0,30.3344,31,,3608,3672,,0,0,0,1
1677859754191,1,1010123456002,78,,0,0,0,1,0,,9.06905,420,0,2.7016,115,0,6,,15.1773,141,0,1.64442,40,0,0,31.3267,31,,4127,4213,,0,0,0,1
1677859754441,1,1010123456002,78,,0,0,0,1,0,,9.48895,362,4575,2.58499,107,0,6,,15.1844,141,0,1.62739,40,0,0,31.4795,31,,3744,3816,,0,0,0,1
1677859754691,1,1010123456002,78,,0,0,0,1,0,,9.66189,349,4495,2.64291,103,0,6,,15.5,130,0,1.67238,37,0,0,31.0877,31,,3791,3848,,0,0,0,1
1677859754941,1,1010123456002,78,,0,0,0,1,0,,9.56512,430,0,3.17776,122,0,6,,15.4847,163,826,2.15968,46,0,0,30.9675,31,,4654,4763,,0,0,0,1
1677859755191,1,1010123456002,78,,0,0,0,1,0,,9.41177,391,0,2.48922,106,0,6,,15.5806,155,0,2.09456,44,0,0,30.9093,31,,4024,4092,,0,0,0,1
1677859755441,1,1010123456002,78,,0,0,0,1,0,,9.37468,387,0,2.92218,115,0,6,,15.4191,136,0,1.68323,38,0,0,31.1784,31,,3941,4020,,0,0,0,1
1677859755691,1,1010123456002,78,,0,0,0,1,0,,9.45894,414,0,2.7409,115,0,6,,15.1453,117,0,1.30163,33,0,0,31.8969,31,,4174,4281,,0,0,0,1
1677859755941,1,1010123456002,78,,0,0,0,1,0,,9.31726,394,0,2.79686,112,0,6,,15.6494,154,0,2.18237,43,0,0,30.6704,31,,4067,4183,,0,0,0,1
1677859756191,1,1010123456002,78,,0,0,0,1,0,,9.6511,364,2480,2.77952,106,0,6,,14.9405,84,0,0.727328,24,0,0,32.0947,31,,3995,4052,,0,0,0,1
1677859756441,1,1010123456002,78,,0,0,0,1,0,,9.11244,418,519,2.80282,118,0,6,,15.5077,130,0,1.6608,36,0,0,31.0252,31,,4263,4356,,0,0,0,1
1677859756691,1,1010123456002,78,,0,0,0,1,0,,9.49462,372,105,2.7359,108,0,6,,15.7955,176,0,2.64413,50,0,0,30.2097,31,,3878,3950,,0,0,0,1
1677859756941,1,1010123456002,78,,0,0,0,1,0,,9.11893,412,0,2.72883,116,0,6,,15.2233,103,0,1.20122,29,0,0,31.3486,31,,3938,4048,,0,0,0,1
1677859757191,1,1010123456002,78,,0,0,0,1,0,,9.43045,381,0,2.68054,109,0,6,,15.3257,175,0,2.17894,49,0,0,31.14,31,,3894,4000,,0,0,0,1
1677859757441,1,1010123456002,78,,0,0,0,1,0,,9.54462,325,1095,2.26554,91,0,6,,15.6467,167,0,2.34077,47,0,0,30.6477,31,,3530,3602,,0,0,0,1
1677859757691,1,1010123456002,78,,0,0,0,1,0,,9.64557,316,149,2.6576,97,0,6,,15.7238,181,135117,2.61462,51,0,0,30.5518,31,,3629,3683,,0,0,0,1
1677859757941,1,1010123456002,78,,0,0,0,1,0,,9.89055,402,0,3.0104,108,0,6,,15.6579,152,0,2.11395,43,0,0,30.8021,31,,4654,4709,,0,0,0,1
1677859758191,1,1010123456002,78,,0,0,0,1,0,,9.33255,427,0,2.95427,127,0,6,,15.5512,127,0,1.61402,36,0,0,31.1714,31,,4126,4207,,0,0,0,1
1677859758441,1,1010123456002,78,,0,0,0,1,0,,9.44054,370,0,2.48525,108,0,6,,15.5154,130,138933,1.67587,37,0,0,30.9975,31,,3609,3687,,0,0,0,1
1677859758691,1,1010123456002,78,,0,0,0,1,0,,9.37412,425,281,2.82582,115,0,6,,15.6839,155,135117,2.13651,44,0,0,30.8546,31,,4420,4509,,0,0,0,1
1677859758941,1,1010123456002,78,,0,0,0,1,0,,9.4375,352,395,2.54134,107,0,6,,15.2,100,706,1.08835,28,0,0,31.5743,31,,3503,3588,,0,0,0,1
1677859759191,1,1010123456002,78,,0,0,0,1,0,,9.53766,385,367,2.69734,106,0,6,,15.2525,99,0,1.15501,28,0,0,31.6937,31,,4069,4141,,0,0,0,1
1677859759441,1,1010123456002,78,,0,0,0,1,0,,9.47761,335,0,2.6031,95,0,6,,15.1852,108,0,1.18486,31,0,0,31.7009,31,,3892,3965,,0,0,0,1
1677859759691,1,1010123456002,78,,0,0,0,1,0,,9.40548,365,0,2.7935,106,0,6,,15.8483,211,0,3.21811,60,0,0,30.2479,31,,4126,4219,,0,0,0,1
1677859759941,1,1010123456002,78,,0,0,0,1,0,,9.2987,385,129,2.75782,109,0,6,,15.4409,127,0,1.52717,36,0,0,31.3938,31,,4124,4227,,0,0,0,1
1677859760191,1,1010123456002,78,,0,0,0,1,0,,9.70213,376,0,2.7727,105,0,6,,15.4065,123,0,1.52461,35,0,0,31.1921,31,,4196,4237,,0,0,0,1
1677859760441,1,1010123456002,78,,0,0,0,1,0,,9.51,400,0,2.89418,121,0,6,,15.2263,137,0,1.60406,39,0,0,31.3478,31,,3983,4072,,0,0,0,1
1677859760691,1,1010123456002,78,,0,0,0,1,0,,9.78284,373,0,2.92509,107,0,6,,15.6201,179,0,2.38928,51,0,0,30.8332,31,,4336,4411,,0,0,0,1
1677859760941,1,1010123456002,78,,0,0,0,1,0,,9.47015,402,2504,2.55722,109,0,6,,15.5921,152,0,1.97181,43,0,0,30.938,31,,3885,3993,,0,0,0,1
1677859761191,1,1010123456002,78,,0,0,0,1,0,,9.60933,343,0,2.56666,104,0,6,,15.5613,155,0,2.11661,44,0,0,30.9862,31,,3589,3674,,0,0,0,1
1677859761441,1,1010123456002,78,,0,0,0,1,0,,9.56764,377,1235,2.76915,106,0,6,,15.6309,149,0,2.03347,42,0,0,30.749,31,,4193,4236,,0,0,0,1
1677859761691,1,1010123456002,78,,0,0,0,1,0,,9.84659,352,1472,2.716,102,0,6,,15.4901,151,0,1.86192,43,0,0,31.1081,31,,3973,4046,,0,0,0,1
1677859761941,1,1010123456002,78,,0,0,0,1,0,,9.81232,341,0,2.6081,97,0,6,,15.4527,148,1132,1.85136,42,0,0,31.0407,31,,3774,3832,,0,0,0,1
1677859762191,1,1010123456002,78,,0,0,0,1,0,,9.81842,380,0,2.93152,108,0,6,,15.3684,133,0,1.61872,38,0,0,31.2942,31,,4338,4435,,0,0,0,1
1677859762441,1,1010123456002,78,,0,0,0,1,0,,9.68946,351,0,2.76234,102,0,6,,15.5354,127,146184,1.63306,36,0,0,30.8854,31,,3978,4058,,0,0,0,1
1677859762691,1,1010123456002,78,,0,0,0,1,0,,9.40302,397,0,2.6727,110,0,6,,15.3459,133,135594,1.62032,38,0,0,31.4804,31,,4098,4167,,0,0,0,1
1677859762941,1,1010123456002,78,,0,0,0,1,0,,9.35075,402,1103,2.85446,114,0,6,,15.5723,159,0,2.0833,45,0,0,30.9901,31,,4180,4267,,0,0,0,1
1677859763191,1,1010123456002,78,,0,0,0,1,0,,9.63689,347,0,2.66211,104,0,6,,15.1881,101,0,1.17731,29,0,0,31.306,31,,3690,3745,,0,0,0,1
1677859763441,1,1010123456002,78,,0,0,0,1,0,,8.96577,409,0,2.43949,114,0,6,,15.5147,136,146184,1.71846,38,0,0,31.0438,31,,3702,3807,,0,0,0,1
1677859763691,1,1010123456002,78,,0,0,0,1,0,,9.54386,399,0,2.85206,116,0,6,,15.6622,148,0,2.06989,42,0,0,30.4319,31,,4126,4181,,0,0,0,1
1677859763941,1,1010123456002,78,,0,0,0,1,0,,9.65963,379,1407,2.61856,105,0,6,,15.5833,144,0,1.92205,41,0,0,30.6724,31,,3978,4055,,0,0,0,1
1677859764191,1,1010123456002,78,,0,0,0,1,0,,9.28293,410,1354,2.7807,113,0,5.85714,,15.4818,137,0,1.81747,39,0,0,31.0259,31,,4254,4331,,0,0,0,1
1677859764441,1,1010123456002,78,,0,0,0,1,0,,9.04706,425,2269,3.06787,125,0,6,,15.7,180,0,2.60192,51,0,0,30.5081,31,,4669,4754,,0,0,0,1
1677859764691,1,1010123456002,78,,0,0,0,1,0,,9.38847,399,173,2.70886,113,0,6,,15.616,125,0,1.68301,35,0,0,30.673,31,,4067,4160,,0,0,0,1
1677859764941,1,1010123456002,78,,0,0,0,1,0,,9.79501,361,0,2.75997,105,0,6,,15.6478,159,0,2.28064,45,0,0,30.4839,31,,3975,4038,,0,0,0,1
1677859765191,1,1010123456002,78,,0,0,0,1,0,,9.67582,364,0,2.84621,106,0,6,,15.4565,138,0,1.70717,39,0,0,31.0429,31,,4060,4139,,0,0,0,1
1677859765441,1,1010123456002,78,,0,0,0,1,0,,9.7757,321,201,2.38493,91,0,6,,15.2453,106,0,1.1665,30,0,0,31.6297,31,,3572,3615,,0,0,0,1
1677859765691,1,1010123456002,78,,0,0,0,1,0,,9.50674,371,355,2.64419,105,0,6,,15.5388,206,0,2.93552,58,0,0,30.5874,31,,4029,4106,,0,0,0,1
1677859765941,1,1010123456002,78,,0,0,0,1,0,,10.784,338,0,2.87299,94,0,7.5,,15.3731,134,0,1.75306,38,0,0,30.9348,31,,3553,3638,,0,0,0,1
1677859766191,1,1010123456002,78,,0,0,0,1,0,,9.62005,379,0,2.8543,111,0,6,,15.0116,86,0,0.7816,24,8.33333,0,29.8372,31,,4076,4161,,0,0,0,1.62791
1677859766441,1,1010123456002,78,,0,0,0,1,0,,9.31655,417,0,2.74454,116,0,6,,15.6269,193,0,2.58355,55,3.63636,0,29.7528,31,,4176,4299,,0,0,0,1.27979
1677859766691,1,1010123456002,78,,0,0,0,1,0,,9.38965,367,0,2.6961,111,0,6,,14.3579,95,0,0.747328,27,0,0,32.4743,31,,3731,3805,,0,0,0,1
1677859766941,1,1010123456002,78,,0,0,0,1,0,,9.11765,425,2528,2.64058,115,0,6,,15.2308,117,0,1.35494,33,0,0,31.4141,31,,4155,4237,,0,0,0,1
1677859767191,1,1010123456002,78,,0,0,0,1,0,,9.76694,369,0,2.81187,108,0,6.14286,,15.4,150,967,1.9009,43,0,0,31.1567,31,,3987,4079,,0,0,0,1
1677859767441,1,1010123456002,78,,0,0,0,1,0,,9.56614,378,265,2.66541,107,0,6,,15.3,140,146184,1.72102,40,0,0,31.1098,31,,3898,3967,,0,0,0,1
1677859767691,1,1010123456002,78,,0,0,0,1,0,,8.70757,383,0,2.68963,114,0,5.83333,,15.7017,181,0,2.59552,51,0,0,30.4198,31,,4007,4100,,0,0,0,1
1677859767941,1,1010123456002,78,,0,0,0,1,0,,9.52072,386,368,2.62685,107,0,6,,15.1724,116,0,1.27485,33,0,0,31.4431,31,,4061,4160,,0,0,0,1
1677859768191,1,1010123456002,78,,0,0,0,1,0,,9.61021,372,0,2.78112,108,0,6,,15.6076,158,0,2.1984,45,0,0,30.5768,31,,4010,4087,,0,0,0,1
1677859768441,1,1010123456002,78,,0,0,0,1,0,,9.62604,361,0,2.65597,101,0,6,,15.7128,188,0,2.67834,53,0,0,30.4583,31,,3890,3965,,0,0,0,1
1677859768691,1,1010123456002,78,,0,0,0,1,0,,9.60982,387,0,2.9385,114,0,6,,15.4745,137,0,1.76582,39,0,0,30.8491,31,,4216,4284,,0,0,0,1
1677859768941,1,1010123456002,78,,0,0,0,1,0,,9.47606,376,0,2.59018,107,0,6,,15.6303,165,0,2.2801,47,0,0,30.5531,31,,3809,3892,,0,0,0,1
1677859769191,1,1010123456002,78,,0,0,0,1,0,,9.1671,383,0,2.8521,112,0,5.85714,,15.5436,149,0,2.07098,43,0,0,30.662,31,,4339,4433,,0,0,0,1
1677859769441,1,1010123456002,78,,0,0,0,1,0,,8.91733,375,1199,2.56502,107,0,5.83333,,15.4908,163,0,2.28758,47,0,0,30.645,31,,4106,4168,,0,0,0,1
1677859769691,1,1010123456002,78,,0,0,0,1,0,,9.53955,354,0,2.75754,99,0,6,,15.6591,132,135117,1.79981,38,0,0,30.8994,31,,4083,4153,,0,0,0,1
1677859769941,1,1010123456002,78,,0,0,0,1,0,,9.53957,417,0,2.86301,114,0,6,,15.7067,208,149775,3.11901,60,0,0,30.3023,31,,4372,4446,,0,0,0,1
1677859770191,1,1010123456002,78,,0,0,0,1,0,,9.71176,340,189,2.6239,103,0,6,,15.4138,145,1132,1.9273,43,0,0,31.1022,31,,3654,3703,,0,0,0,1
1677859770441,1,1010123456002,78,,0,0,0,1,0,,9.32773,357,0,2.50154,100,0,6,,15.4155,142,146184,1.86214,41,0,0,30.7237,31,,3742,3808,,0,0,0,1
1677859770691,1,1010123456002,78,,0,0,0,1,0,,9.95291,361,0,2.93437,105,0,6.16667,,15.5886,158,0,2.18976,46,0,0,30.6563,31,,4098,4176,,0,0,0,1
1677859770941,1,1010123456002,78,,0,0,0,1,0,,8.63807,373,0,2.46589,105,0,5.83333,,15.7338,139,0,2.0791,40,0,0,30.2131,31,,4010,4087,,0,0,0,1
1677859771191,1,1010123456002,78,,0,0,0,1,0,,8.97664,428,0,3.06358,126,0,5.85714,,15.6328,177,0,2.59757,51,0,0,30.6346,31,,4747,4838,,0,0,0,1
1677859771441,1,1010123456002,78,,0,0,0,1,0,,9.03279,366,0,2.60086,105,0,5.83333,,15.5,150,0,1.97795,43,0,0,30.8368,31,,4114,4189,,0,0,0,1
1677859771691,1,1010123456002,78,,0,0,0,1,0,,9.56784,398,0,2.80042,112,0,6,,15.6013,153,0,2.11818,44,0,0,30.722,31,,4145,4236,,0,0,0,1
1677859771941,1,1010123456002,78,,0,0,0,1,0,,8.98391,373,1091,2.51488,108,0,6,,15.6541,185,0,2.68547,53,0,0,30.4546,31,,3664,3745,,0,0,0,1
1677859772191,1,1010123456002,78,,0,0,0,1,0,,9.47757,379,0,2.51645,101,0,6,,15.7192,146,0,2.06938,42,0,0,30.4446,31,,3996,4075,,0,0,0,1
1677859772441,1,1010123456002,78,,0,0,0,1,0,,9.20339,354,0,2.65379,106,0,6,,15.359,117,0,1.39875,34,0,0,31.1752,31,,3650,3688,,0,0,0,1
1677859772691,1,1010123456002,78,,0,0,0,1,0,,9.74044,366,0,2.75517,103,0,6,,15.5149,134,0,1.80605,39,0,0,30.7502,31,,4120,4199,,0,0,0,1
1677859772941,1,1010123456002,78,,0,0,0,1,0,,9.5799,388,0,2.93091,113,0,6,,15.4109,129,0,1.69325,37,0,0,30.8412,31,,4229,4301,,0,0,0,1
1677859773191,1,1010123456002,78,,0,0,0,1,0,,9.69577,378,0,2.81965,108,0,6,,15.5882,136,0,1.82422,39,0,0,30.6183,31,,4123,4175,,0,0,0,1
1677859773441,1,1010123456002,78,,0,0,0,1,0,,9.48179,357,0,2.49731,103,0,6,,15.526,192,146184,2.6751,55,0,0,30.6862,31,,3600,3679,,0,0,0,1
1677859773691,1,1010123456002,78,,0,0,0,1,0,,9.43066,411,0,2.98355,120,0,6,,15.6013,148,0,2.00749,43,0,0,30.7861,31,,4364,4455,,0,0,0,1
1677859773941,1,1010123456002,78,,0,0,0,1,0,,9.65217,368,0,2.68102,101,0,6,,15.5263,152,0,2.10902,44,0,0,30.7281,31,,4109,4179,,0,0,0,1
1677859774191,1,1010123456002,78,,0,0,0,1,0,,9.37215,395,0,2.87632,117,0,6,,15.5772,149,0,2.05149,43,0,0,30.6276,31,,4020,4109,,0,0,0,1
1677859774441,1,1010123456002,78,,0,0,0,1,0,,9.39535,387,0,2.60458,106,0,6,,15.6483,145,146184,2.01526,42,0,0,30.7934,31,,4014,4097,,0,0,0,1
1677859774691,1,1010123456002,78,,0,0,0,1,0,,9.39949,388,0,2.89363,113,0,6,,15.7288,177,135117,2.55142,51,0,0,30.5844,31,,4093,4188,,0,0,0,1
1677859774941,1,1010123456002,78,,0,0,0,1,0,,9.69892,372,169,2.68125,105,0,6,,15.7113,142,0,2.07725,41,0,0,30.4406,31,,4027,4090,,0,0,0,1
1677859775191,1,1010123456002,78,,0,0,0,1,0,,9.48055,360,0,2.68918,106,0,6,,15.4125,160,0,2.14474,46,0,0,31.0034,31,,3824,3902,,0,0,0,1
1677859775441,1,1010123456002,78,,0,0,0,1,0,,9.13021,384,0,2.49792,105,0,6,,15.5278,144,0,2.02176,42,0,0,30.5565,31,,3863,3959,,0,0,0,1
1677859775691,1,1010123456002,78,,0,0,0,1,0,,9.8457,337,0,2.79014,101,0,6,,15.5272,184,0,2.58938,53,0,0,30.9095,31,,3886,3927,,0,0,0,1
1677859775941,1,1010123456002,78,,0,0,0,1,0,,9.38177,406,125,2.81219,111,0,6,,15.28,100,0,1.16371,29,0,0,31.2233,31,,4193,4316,,0,0,0,1
1677859776191,1,1010123456002,78,,0,0,0,1,0,,9.6199,392,0,2.82326,115,0,6,,15.4183,153,0,2.05578,44,0,0,31.0133,31,,4048,4126,,0,0,0,1
1677859776441,1,1010123456002,78,,0,0,0,1,0,,9.84615,338,0,2.72432,97,0,6,,15.5676,148,0,2.05856,43,0,0,30.7366,31,,4034,4094,,0,0,0,1
1677859776691,1,1010123456002,78,,0,0,0,1,0,,9.70789,380,0,2.97158,107,0,6,,15.6549,113,0,1.52509,33,0,0,30.8846,31,,4383,4452,,0,0,0,1
1677859776941,1,1010123456002,78,,0,0,0,1,0,,9.90725,345,0,2.61094,96,0,6.16667,,14.7284,81,234,0.688704,23,0,0,32.5177,31,,3928,4009,,0,0,0,1
1677859777191,1,1010123456002,78,,0,0,0,1,0,,8.83828,371,0,2.78026,111,0,5.85714,,15.7481,135,0,1.93936,39,0,0,30.6298,31,,4183,4276,,0,0,0,1
1677859777441,1,1010123456002,78,,0,0,0,1,0,,9.5565,354,0,2.46586,96,0,6,,15.4941,170,0,2.25606,49,0,0,30.9326,31,,3779,3864,,0,0,0,1
1677859777691,1,1010123456002,78,,0,0,0,1,0,,9.44536,366,0,2.83619,109,0,6,,15.5252,139,0,1.88211,40,0,0,30.8573,31,,3969,4068,,0,0,0,1
1677859777941,1,1010123456002,78,,0,0,0,1,0,,9.46283,417,0,2.7871,114,0,6,,15.5169,118,0,1.58576,34,0,0,30.898,31,,4298,4384,,0,0,0,1
1677859778191,1,1010123456002,78,,0,0,0,1,0,,9.03837,417,0,2.70048,119,0,6,,15.3876,129,0,1.57757,37,0,0,31.2265,31,,3855,3975,,0,0,0,1
1677859778441,1,1010123456002,78,,0,0,0,1,0,,9.30079,379,529,2.61315,107,0,6,,15.2609,115,148092,1.25549,33,0,0,31.5103,31,,3941,4031,,0,0,0,1
1677859778691,1,1010123456002,78,,0,0,0,1,0,,9.24615,390,0,2.82406,113,0,6,,15.6164,146,135117,2.02387,42,0,0,30.6033,31,,4033,4131,,0,0,0,1
1677859778941,1,1010123456002,78,,0,0,0,1,0,,9.13624,367,0,2.57974,105,0,6,,15.5375,160,150000,2.17312,46,0,0,30.7321,31,,3776,3856,,0,0,0,1
1677859779191,1,1010123456002,78,,0,0,0,1,0,,9.32908,392,0,2.81987,116,0,6,,15.3407,135,0,1.66547,39,0,0,31.4658,31,,4035,4125,,0,0,0,1
1677859779441,1,1010123456002,78,,0,0,0,1,0,,9.54223,367,0,2.47958,101,0,6,,15.4634,164,0,2.13955,47,0,0,30.8519,31,,3801,3860,,0,0,0,1
1677859779691,1,1010123456002,78,,0,0,0,1,0,,9.31783,387,0,2.85552,111,0,6,,15.5081,124,0,1.57126,36,0,0,30.9198,31,,4127,4202,,0,0,0,1
1677859779941,1,1010123456002,78,,0,0,0,1,0,,9.51613,403,0,2.89936,113,0,6,,15.4545,132,0,1.70262,38,0,0,31.0549,31,,4418,4496,,0,0,0,1
1677859780191,1,1010123456002,78,,0,0,0,1,0,,9.69786,374,0,2.87626,108,0,6,,15.2059,136,0,1.62512,39,0,0,31.0667,31,,4032,4097,,0,0,0,1
1677859780441,1,1010123456002,78,,0,0,0,1,0,,9.71883,377,2684,2.84982,110,0,6,,14.9259,81,0,0.722976,23,0,0,32.322,31,,4207,4263,,0,0,0,1
1677859780691,1,1010123456002,78,,0,0,0,1,0,,9.78134,343,0,2.74832,99,0,6,,15.3619,105,135117,1.15946,30,0,0,31.555,31,,3942,4001,,0,0,0,1
1677859780941,1,1010123456002,78,,0,0,0,1,0,,9.60224,357,0,2.56922,101,0,6,,15.6592,179,0,2.61629,52,0,0,30.518,31,,3864,3931,,0,0,0,1
1677859781191,1,1010123456002,78,,0,0,0,1,0,,9.83657,361,0,2.91718,107,0,6,,15.181,105,0,1.10413,30,0,0,31.5127,31,,4123,4198,,0,0,0,1
1677859781441,1,1010123456002,78,,0,0,0,1,0,,9.70127,395,145,2.67926,105,0,6,,15.375,128,0,1.55306,37,0,0,31.3084,31,,4307,4405,,0,0,0,1
1677859781691,1,1010123456002,78,,0,0,0,1,0,,9.57053,319,0,2.61037,96,0,6,,15.5541,157,0,2.14496,45,0,0,30.7283,31,,3545,3616,,0,0,0,1
1677859781941,1,1010123456002,78,,0,0,0,1,0,,9.62994,354,0,2.66461,100,0,6,,15.2619,126,0,1.57379,36,0,0,31.2273,31,,3909,3988,,0,0,0,1
1677859782191,1,1010123456002,78,,0,0,0,1,0,,9.52645,397,113,2.83805,115,0,6,,15.2945,163,148092,2.21542,47,0,0,30.729,31,,4118,4195,,0,0,0,1
1677859782441,1,1010123456002,78,,0,0,0,1,0,,9.34586,399,1444,2.6633,110,0,6,,15.6279,129,146184,1.72762,37,0,0,30.7571,31,,4101,4198,,0,0,0,1
1677859782691,1,1010123456002,78,,0,0,0,1,0,,9.36772,378,185,2.6664,108,0,6,,15.4504,131,0,1.62134,38,0,0,31.3094,31,,3892,3960,,0,0,0,1
1677859782941,1,1010123456002,78,,0,0,0,1,0,,9.19693,391,113,2.58029,113,0,6,,14.977,87,0,0.862336,25,0,0,32.0514,31,,3790,3855,,0,0,0,1
1677859783191,1,1010123456002,78,,0,0,0,1,0,,9.45692,383,0,2.75085,111,0,6,,15.5778,135,0,1.80746,39,0,0,30.8228,31,,3943,4050,,0,0,0,1
1677859783441,1,1010123456002,78,,0,0,0,1,0,,9.5445,382,0,2.83971,110,0,6,,15.4479,96,0,1.20416,28,0,0,30.8738,31,,4126,4212,,0,0,0,1
1677859783691,1,1010123456002,78,,0,0,0,1,0,,9.50138,361,0,2.59677,106,0,6,,15.3158,114,0,1.34294,33,0,0,31.2241,31,,3705,3810,,0,0,0,1
1677859783941,1,1010123456002,78,,0,0,0,1,0,,8.3163,411,4681,2.54486,115,0,5.66667,,15.2432,111,0,1.34448,32,0,0,31.1058,31,,4407,4494,,0,0,0,1
1677859784191,1,1010123456002,78,,0,0,0,1,0,,9.71509,358,0,2.82211,105,0,6,,15.175,80,0,0.771904,23,0,0,31.7735,31,,3997,4093,,0,0,0,1
1677859784441,1,1010123456002,78,,0,0,0,1,0,,9.62139,346,0,2.60451,95,0,6,,15.6871,179,0,2.6553,52,0,0,30.4081,31,,3955,4023,,0,0,0,1
1677859784691,1,1010123456002,78,,0,0,0,1,0,,10.2853,347,907,2.8231,96,0,6,,15.5476,126,0,1.73043,36,0,0,30.5092,31,,4366,4387,,0,0,0,1
1677859784941,1,1010123456002,78,,0,0,0,1,0,,9.8084,381,0,2.95846,108,0,6,,15.6194,155,0,2.2448,45,0,0,30.5199,31,,4325,4396,,0,0,0,1
1677859785191,1,1010123456002,78,,0,0,0,1,0,,9.20238,420,79,2.96307,126,0,6,,15.2313,134,0,1.74598,39,0,0,30.9629,31,,4021,4109,,0,0,0,1
1677859785441,1,1010123456002,78,,0,0,0,1,0,,9.45455,385,4011,2.61306,105,0,6,,15.5145,138,0,1.78637,40,0,0,30.9625,31,,4121,4179,,0,0,0,1
1677859785691,1,1010123456002,78,,0,0,0,1,0,,9.79692,325,0,2.69501,95,0,6,,15.4412,170,0,2.33792,49,0,0,30.8243,31,,3789,3860,,0,0,0,1
1677859785941,1,1010123456002,78,,0,0,0,1,0,,9.48724,392,0,2.79718,114,0,6,,15.507,142,0,1.82954,41,0,0,30.8825,31,,4060,4163,,0,0,0,1
1677859786191,1,1010123456002,78,,0,0,0,1,0,,9.60519,347,0,2.55782,100,0,6,,15.542,131,0,1.76586,38,0,0,30.6582,31,,3696,3747,,0,0,0,1
1677859786441,1,1010123456002,78,,0,0,0,1,0,,9.23971,413,0,2.65142,112,0,6,,15.3737,99,0,1.18582,29,0,0,31.0683,31,,4090,4183,,0,0,0,1
1677859786691,1,1010123456002,78,,0,0,0,1,0,,9.22532,395,0,2.77802,117,0,6,,15.604,149,0,2.03859,43,0,0,30.5451,31,,3922,4008,,0,0,0,1
1677859786941,1,1010123456002,78,,0,0,0,1,0,,9.53435,393,0,2.78115,108,0,6,,15.7328,131,0,1.83446,38,0,0,30.3989,31,,4272,4338,,0,0,0,1
1677859787191,1,1010123456002,78,,0,0,0,1,0,,8.97528,364,0,2.64726,109,0,5.85714,,15.297,101,0,1.07808,29,0,0,31.5357,31,,3901,4031,,0,0,0,1
1677859787441,1,1010123456002,78,,0,0,0,1,0,,9.36272,397,297,2.55642,110,0,6,,15.7812,160,0,2.36486,46,0,0,30.3768,31,,3886,3979,,0,0,0,1
1677859787691,1,1010123456002,78,,0,0,0,1,0,,9.48756,402,0,2.79494,113,0,6,,15.6959,148,0,2.15677,43,0,0,30.4361,31,,4202,4307,,0,0,0,1
1677859787941,1,1010123456002,78,,0,0,0,1,0,,9.63953,344,0,2.58614,99,0,6,,15.1799,139,0,1.66662,40,0,0,31.4233,31,,3704,3795,,0,0,0,1
1677859788191,1,1010123456002,78,,0,0,0,1,0,,9.59172,338,117,2.55789,100,0,6,,15.625,120,0,1.63357,35,0,0,30.9406,31,,3603,3690,,0,0,0,1
1677859788441,1,1010123456002,78,,0,0,0,1,0,,9.7341,346,2514,2.61008,99,0,6,,15.2558,86,0,0.819104,25,0,0,32.2608,31,,3813,3888,,0,0,0,1
1677859788691,1,1010123456002,78,,0,0,0,1,0,,9.57673,404,117,2.96406,113,0,6,,15.8037,163,0,2.46509,47,0,0,30.2439,31,,4375,4458,,0,0,0,1
1677859788941,1,1010123456002,78,,0,0,0,1,0,,9.32767,412,169,2.76054,116,0,6,,13,28,0,0.1,8,0,0,35.5002,31,,4174,4268,,0,0,0,1
1677859789191,1,1010123456002,78,,0,0,0,1,0,,8.76884,398,0,2.51824,114,0,6,,15.569,58,0,0.783776,17,0,0,30.6905,31,,3688,3764,,0,0,0,1
1677859789441,1,1010123456002,78,,0,0,0,1,0,,9.3342,383,0,2.73155,112,0,6,,15.2885,52,0,0.670592,15,0,0,31.3227,31,,3912,3976,,0,0,0,1
1677859789691,1,1010123456002,78,,0,0,0,1,0,,9.48677,378,117,2.58723,106,0,6,,15.4493,69,0,0.787488,20,0,0,31.5014,31,,3945,4013,,0,0,0,1
1677859789941,1,1010123456002,78,,0,0,0,1,0,,9.18858,403,177,2.51341,114,0,6,,15.44,100,0,1.2927,29,0,0,30.9993,31,,3712,3792,,0,0,0,1
1677859790191,1,1010123456002,78,,0,0,0,1,0,,9.10922,412,0,2.68758,122,0,6,,15.6593,135,0,1.91482,39,0,0,30.7637,31,,3856,3929,,0,0,0,1
1677859790441,1,1010123456002,78,,0,0,0,1,0,,9.55729,384,213,2.68566,109,0,6.16667,,15.5649,131,0,1.83958,38,0,0,30.9,31,,3812,3902,,0,0,0,1
1677859790691,1,1010123456002,78,,0,0,0,1,0,,9.03951,405,117,2.57622,113,0,6,,15.592,174,0,2.4809,50,0,0,30.7506,31,,3941,4035,,0,0,0,1
1677859790941,1,1010123456002,78,,0,0,0,1,0,,9.5,406,1119,2.97258,117,0,6,,15.7839,162,0,2.43987,47,0,0,30.3088,31,,4336,4410,,0,0,0,1
1677859791191,1,1010123456002,78,,0,0,0,1,0,,9.42494,393,0,2.63571,113,0,6,,15.3628,113,0,1.4695,33,0,0,31.0351,31,,3863,3947,,0,0,0,1
1677859791441,1,1010123456002,78,,0,0,0,1,0,,8.93893,393,0,2.6593,112,0,6,,15.1772,79,0,0.725824,23,0,0,31.9683,31,,3811,3906,,0,0,0,1
1677859791691,1,1010123456002,78,,0,0,0,1,0,,9.24869,382,0,2.5815,110,0,6,,15.7299,174,0,2.55222,50,0,0,30.4499,31,,3815,3882,,0,0,0,1
1677859791941,1,1010123456002,78,,0,0,0,1,0,,9.62136,412,310,2.87501,114,0,6,,15.6842,152,0,2.13958,44,0,0,30.5551,31,,4373,4476,,0,0,0,1
1677859792191,1,1010123456002,78,,0,0,0,1,0,,9.40241,415,269,2.87354,119,0,6,,15.6933,150,0,2.12288,43,0,0,30.4779,31,,4074,4171,,0,0,0,1
1677859792441,1,1010123456002,78,,0,0,0,1,0,,9.1804,449,0,2.88918,127,0,6,,15.16,75,0,0.770528,22,0,0,31.8348,31,,4305,4408,,0,0,0,1
1677859792691,1,1010123456002,78,,0,0,0,1,0,,9.39096,376,0,2.62832,110,0,6,,14.0308,65,0,0.365792,19,0,0,34.0067,31,,3806,3865,,0,0,0,1
1677859792941,1,1010123456002,78,,0,0,0,1,0,,9.77746,355,0,2.6384,98,0,6,,15.4444,135,0,1.81725,39,0,0,30.9281,31,,3974,4053,,0,0,0,1
1677859793191,1,1010123456002,78,,0,0,0,1,0,,9.19346,367,0,2.57907,109,0,6,,15.7862,159,0,2.41306,46,0,0,30.2934,31,,3623,3744,,0,0,0,1
1677859793441,1,1010123456002,78,,0,0,0,1,0,,9.16247,437,0,2.74816,120,0,6,,15.6164,159,0,2.12077,46,0,0,30.7793,31,,4186,4298,,0,0,0,1
1677859793691,1,1010123456002,78,,0,0,0,1,0,,9.35864,382,0,2.68454,111,0,6,,15.6403,139,0,1.93242,40,0,0,30.8763,31,,3794,3906,,0,0,0,1
1677859793941,1,1010123456002,78,,0,0,0,1,0,,9.04046,173,0,1.14413,52,0,6,,15.4914,116,0,1.4831,34,0,0,31.1281,31,,1614,1670,,0,0,0,1
1677859794191,1,1010123456002,78,,0,0,0,1,0,,8.31618,136,0,0.743104,38,0,6,,15.4519,104,0,1.30067,30,0,0,31.3466,31,,1094,1242,,0,0,0,1
1677859794441,1,1010123456002,78,,0,0,0,1,0,,8.15385,117,69,0.590752,33,0,6,,15.4854,103,0,1.27283,30,0,0,31.2961,31,,861,932,,0,0,0,1
1677859794691,1,1010123456002,78,,0,0,0,1,0,,8.64583,96,0,0.54544,27,0,6,,15.6176,170,135117,2.44077,49,0,0,30.6926,31,,790,846,,0,0,0,1
1677859794941,1,1010123456002,78,,0,0,0,1,0,,9.17978,89,0,0.558752,26,0,6,,15.7771,166,0,2.46006,48,0,0,30.4415,31,,815,846,,0,0,0,1
1677859795191,1,1010123456002,78,,0,0,0,1,0,,9.28572,238,0,1.59267,69,0,6,,14.5091,55,0,0.27008,16,0,0,33.8961,31,,2278,2349,,0,0,0,1
1677859795441,1,1010123456002,78,,0,0,0,1,0,,9.46945,360,0,2.58694,102,0,6,,15.5455,99,0,1.2904,29,0,0,31.0931,31,,3791,3851,,0,0,0,1
1677859795691,1,1010123456002,78,,0,0,0,1,0,,9.41119,411,0,2.86128,116,0,6,,15.3846,143,135117,1.81014,41,0,0,31.1576,31,,4273,4334,,0,0,0,1
1677859795941,1,1010123456002,78,,0,0,0,1,0,,8.73316,386,0,2.59098,110,0,5.83333,,15.6107,149,0,1.95632,43,0,0,30.8927,31,,3997,4105,,0,0,0,1
1677859796191,1,1010123456002,78,,0,0,0,1,0,,9.31863,408,0,2.75645,115,0,6,,15.296,125,148092,1.43725,36,0,0,31.5961,31,,4127,4219,,0,0,0,1
1677859796441,1,1010123456002,78,,0,0,0,1,0,,9.71866,359,0,2.70426,106,0,6,,15.6439,132,0,1.84064,38,0,0,30.6734,31,,3890,3942,,0,0,0,1
1677859796691,1,1010123456002,78,,0,0,0,1,0,,8.57035,398,0,2.5665,113,0,5.83333,,15.5766,137,0,1.81046,39,0,0,31.053,31,,4197,4253,,0,0,0,1
1677859796941,1,1010123456002,78,,0,0,0,1,0,,9.64628,376,0,2.63283,100,0,6,,14.0488,41,0,0.149504,12,0,0,34.5838,31,,4131,4200,,0,0,0,1
1677859797191,1,1010123456002,78,,0,0,0,1,0,,9.28531,354,0,2.49408,101,0,6,,15.2299,87,0,1.16029,25,0,0,30.9596,31,,3667,3747,,0,0,0,1
1677859797441,1,1010123456002,78,,0,0,0,1,0,,9.53536,396,0,2.81014,115,0,6,,14.8605,86,0,0.767008,25,0,0,32.5915,31,,4118,4186,,0,0,0,1
1677859797691,1,1010123456002,78,,0,0,0,1,0,,9.6477,369,0,2.61027,103,0,6,,15.2895,114,0,1.36829,33,0,0,31.5409,31,,3907,4008,,0,0,0,1
1677859797941,1,1010123456002,78,,0,0,0,1,0,,9.08314,421,0,2.84854,122,0,6,,15.4689,177,0,2.43936,51,0,0,30.7895,31,,4022,4115,,0,0,0,1
1677859798191,1,1010123456002,78,,0,0,0,1,0,,9.34336,399,173,2.79587,115,0,6,,15.3505,97,0,1.23738,28,0,0,31.241,31,,4177,4288,,0,0,0,1
1677859798441,1,1010123456002,78,,0,0,0,1,0,,9.47901,405,0,2.86349,116,0,6,,13.5778,45,0,0.15632,13,0,0,34.6139,31,,4114,4229,,0,0,0,1
1677859798691,1,1010123456002,78,,0,0,0,1,0,,9.44415,376,0,2.732,110,0,6,,15.1635,104,0,1.2233,30,0,0,31.5725,31,,3920,4000,,0,0,0,1
1677859798941,1,1010123456002,78,,0,0,0,1,0,,8.96737,429,0,2.62864,120,0,6,,15.045,111,0,1.26912,32,0,0,31.6238,31,,4031,4131,,0,0,0,1
1677859799191,1,1010123456002,78,,0,0,0,1,0,,9.19737,380,0,2.6919,113,0,6,,15.433,97,0,1.27194,28,0,0,31.0916,31,,3729,3808,,0,0,0,1
1677859799441,1,1010123456002,78,,0,0,0,1,0,,9.43784,370,0,2.48246,101,0,6,,15.6719,128,0,1.84122,37,0,0,30.5116,31,,3746,3855,,0,0,0,1
1677859799691,1,1010123456002,78,,0,0,0,1,0,,9.17839,398,1439,2.72794,113,0,6,,15.4559,136,0,1.84954,39,0,0,30.8732,31,,4104,4193,,0,0,0,1
1677859799941,1,1010123456002,78,,0,0,0,1,0,,8.65561,392,553,2.57728,113,0,5.83333,,15.6212,132,0,1.75133,38,0,0,30.8602,31,,4048,4136,,0,0,0,1
1677859800191,1,1010123456002,78,,0,0,0,1,0,,9.53,400,0,2.90966,114,0,6,,15.5767,163,0,2.30883,47,0,0,30.7316,31,,4327,4410,,0,0,0,1
1677859800441,1,1010123456002,78,,0,0,0,1,0,,9.5614,342,1235,2.64336,99,0,6,,15.1842,114,0,1.27594,33,0,0,31.9239,31,,3783,3850,,0,0,0,1
1677859800691,1,1010123456002,78,,0,0,0,1,0,,9.57207,444,213,3.13728,126,0,6,,15.5267,131,0,1.78413,38,0,0,30.8383,31,,4620,4700,,0,0,0,1
1677859800941,1,1010123456002,78,,0,0,0,1,0,,9.49254,402,0,2.83235,114,0,6,,15.6045,134,0,1.81827,39,0,0,30.7638,31,,4200,4290,,0,0,0,1
1677859801191,1,1010123456002,78,,0,0,0,1,0,,9.43666,371,0,2.58077,104,0,6,,15.5252,139,0,1.86384,40,0,0,31.038,31,,3859,3960,,0,0,0,1
1677859801441,1,1010123456002,78,,0,0,0,1,0,,9.40909,352,0,2.48592,101,0,6,,15.1579,114,0,1.30582,33,0,0,31.759,31,,3605,3686,,0,0,0,1
1677859801691,1,1010123456002,78,,0,0,0,1,0,,9.61932,352,0,2.75133,105,0,6,,15.6019,103,0,1.31245,30,0,0,31.1258,31,,3901,3956,,0,0,0,1
1677859801941,1,1010123456002,78,,0,0,0,1,0,,9.6421,380,0,2.85482,107,0,6,,15.3898,59,0,0.64496,17,0,0,32.0113,31,,4283,4348,,0,0,0,1
1677859802191,1,1010123456002,78,,0,0,0,1,0,,9.27202,386,273,2.65818,111,0,6,,14.0476,21,0,0.1,6,0,0,34.786,31,,3925,3985,,0,0,0,1
1677859802441,1,1010123456002,78,,0,0,0,1,0,,9.18621,435,0,2.68227,121,0,6,,15.5761,92,0,1.23517,27,0,0,30.9735,31,,3978,4073,,0,0,0,1
1677859802691,1,1010123456002,78,,0,0,0,1,0,,9.10024,409,0,2.73968,121,0,6,,15.2667,60,135117,0.661088,17,0,0,31.5668,31,,3930,4001,,0,0,0,1
1677859802941,1,1010123456002,78,,0,0,0,1,0,,9.45504,367,0,2.60282,103,0,6,,15.51,100,0,1.2264,29,0,0,31.3644,31,,3862,3949,,0,0,0,1
1677859803191,1,1010123456002,78,,0,0,0,1,0,,9.6269,394,0,2.81226,112,0,6,,14.102,49,0,0.174784,14,0,0,34.5348,31,,4148,4254,,0,0,0,1
1677859803441,1,1010123456002,78,,0,0,0,1,0,,9.40447,403,0,2.78922,114,0,6,,14.1579,38,0,0.153824,11,0,0,34.1686,31,,4124,4211,,0,0,0,1
1677859803691,1,1010123456002,78,,0,0,0,1,0,,9.57593,349,0,2.65738,105,0,6,,15.2603,73,0,0.708896,21,0,0,32.2935,31,,3744,3805,,0,0,0,1
1677859803941,1,1010123456002,78,,0,0,0,1,0,,9.29716,387,0,2.67882,108,0,6,,15.1111,72,0,0.7064,21,0,0,32.4455,31,,4081,4159,,0,0,0,1
1677859804191,1,1010123456002,78,,0,0,0,1,0,,9.48953,382,2845,2.5976,109,0,6,,15.1864,59,0,0.637664,17,0,0,31.9153,31,,3795,3858,,0,0,0,1
1677859804441,1,1010123456002,78,,0,0,0,1,0,,9.10638,423,0,2.85827,122,0,6,,15.1818,66,0,0.67664,19,0,0,32.0774,31,,4084,4195,,0,0,0,1
1677859804691,1,1010123456002,78,,0,0,0,1,0,,9.44094,381,1332,2.59789,109,0,6,,15.4149,94,0,1.24387,27,0,0,30.8544,31,,3812,3876,,0,0,0,1
1677859804941,1,1010123456002,78,,0,0,0,1,0,,9.40441,408,0,2.91866,114,0,6,,15.322,59,0,0.675872,17,0,0,31.5407,31,,4416,4485,,0,0,0,1
1677859805191,1,1010123456002,78,,0,0,0,1,0,,9.27114,402,0,2.69523,114,0,6,,15.1231,65,0,0.685408,19,0,0,32.0512,31,,3904,3998,,0,0,0,1
1677859805441,1,1010123456002,78,,0,0,0,1,0,,9.38734,395,0,2.68195,111,0,6,,15.0145,69,0,0.684032,20,0,0,32.2577,31,,4061,4142,,0,0,0,1
1677859805691,1,1010123456002,78,,0,0,0,1,0,,9.87619,315,0,2.68998,97,0,6,,15.0278,72,0,0.7624,21,0,0,31.727,31,,3724,3740,,0,0,0,1
1677859805941,1,1010123456002,78,,0,0,0,1,0,,9.27297,381,2600,2.58704,103,0,6,,13.95,40,0,0.184576,12,0,0,34.0025,31,,4078,4151,,0,0,0,1
1677859806191,1,1010123456002,78,,0,0,0,1,0,,9.56397,383,0,2.86544,112,0,6,,14.5694,72,0,0.69008,21,0,0,32.6453,31,,4060,4124,,0,0,0,1
1677859806441,1,1010123456002,78,,0,0,0,1,0,,8.7455,389,0,2.44499,108,0,5.83333,,14.8194,72,0,0.709152,21,0,0,32.3398,31,,3810,3906,,0,0,0,1
1677859806691,1,1010123456002,78,,0,0,0,1,0,,8.98473,393,1523,2.70781,113,0,5.83333,,14.6479,71,0,0.640928,20,0,0,32.8187,31,,4319,4409,,0,0,0,1
1677859806941,1,1010123456002,78,,0,0,0,1,0,,9.8563,341,0,2.77114,100,0,6,,15.4314,51,0,0.654848,15,0,0,31.1205,31,,3928,3993,,0,0,0,1
1677859807191,1,1010123456002,78,,0,0,0,1,0,,9.59897,389,39,2.66557,110,0,6.14286,,15.8017,121,0,1.80899,35,0,0,30.448,31,,4033,4081,,0,0,0,1
1677859807441,1,1010123456002,78,,0,0,0,1,0,,9.87978,366,0,2.84336,107,0,6.16667,,15.6966,89,0,1.24448,26,0,0,30.7016,31,,3835,3952,,0,0,0,1
1677859807691,1,1010123456002,78,,0,0,0,1,0,,9.42204,372,0,2.67946,108,0,6,,15.4757,103,1624,1.27968,30,0,0,31.3438,31,,3912,4001,,0,0,0,1
1677859807941,1,1010123456002,78,,0,0,0,1,0,,9.23672,414,3354,2.83136,116,0,6,,15.3235,102,0,1.24102,30,0,0,31.6292,31,,4192,4257,,0,0,0,1
1677859808191,1,1010123456002,78,,0,0,0,1,0,,9.53117,401,2470,2.81392,113,0,6,,15.4038,104,0,1.23834,30,0,0,31.3152,31,,4237,4311,,0,0,0,1
1677859808441,1,1010123456002,78,,0,0,0,1,0,,8.77083,384,189,2.62326,109,0,5.83333,,15.4118,136,0,1.76835,39,0,0,31.1573,31,,4202,4279,,0,0,0,1
1677859808691,1,1010123456002,78,,0,0,0,1,0,,9.5816,337,0,2.60486,97,0,6,,15.4341,129,0,1.73757,37,0,0,31.041,31,,3683,3749,,0,0,0,1
1677859808941,1,1010123456002,78,,0,0,0,1,0,,9.41019,412,0,2.90877,119,0,6,,13.569,58,0,0.202144,17,0,0,34.9947,31,,4253,4313,,0,0,0,1
1677859809191,1,1010123456002,78,,0,0,0,1,0,,9.5884,345,0,2.56448,100,0,6,,15.3137,102,0,1.24333,30,0,0,31.4257,31,,3688,3763,,0,0,0,1
1677859809441,1,1010123456002,78,,0,0,0,1,0,,9.8642,405,0,3.07104,114,0,6.16667,,15.4062,96,0,1.2359,28,0,0,31.1744,31,,4499,4583,,0,0,0,1
1677859809691,1,1010123456002,78,,0,0,0,1,0,,9.58434,332,0,2.59082,97,0,6,,15.1447,76,135117,0.762432,22,0,0,32.1299,31,,3703,3780,,0,0,0,1
1677859809941,1,1010123456002,78,,0,0,0,1,0,,9.4042,381,0,2.67434,105,0,6,,15.6183,131,0,1.79597,38,0,0,31.0157,31,,4068,4140,,0,0,0,1
1677859810191,1,1010123456002,78,,0,0,0,1,0,,9.33249,397,1602,2.65939,110,0,6,,15.3846,104,0,1.30877,30,0,0,31.3066,31,,4020,4115,,0,0,0,1
1677859810441,1,1010123456002,78,,0,0,0,1,0,,9.44386,383,0,2.87798,113,0,6,,15.4175,103,0,1.27002,30,0,0,31.3383,31,,4040,4135,,0,0,0,1
1677859810691,1,1010123456002,78,,0,0,0,1,0,,9.408,375,1389,2.4641,104,0,6,,15.2,110,0,1.25574,32,0,0,31.7116,31,,3698,3791,,0,0,0,1
1677859810941,1,1010123456002,78,,0,0,0,1,0,,9.58239,352,0,2.77914,106,0,6,,15.3481,135,0,1.78288,39,0,0,31.1208,31,,3930,3993,,0,0,0,1
1677859811191,1,1010123456002,78,,0,0,0,1,0,,9.60163,369,89,2.49635,101,0,6,,15.3281,64,0,0.689568,19,0,0,31.8384,31,,3808,3908,,0,0,0,1
1677859811441,1,1010123456002,78,,0,0,0,1,0,,9.15407,344,0,2.40813,96,0,6,,15.3966,58,0,0.67984,17,0,0,31.4554,31,,3643,3709,,0,0,0,1
1677859811691,1,1010123456002,78,,0,0,0,1,0,,9.52105,380,0,2.89792,115,0,6,,15.1864,59,0,0.665376,17,0,0,31.6353,31,,3975,4038,,0,0,0,1
1677859811941,1,1010123456002,78,,0,0,0,1,0,,9.67733,375,0,2.8024,107,0,6,,15.3,30,0,0.320832,9,0,0,31.6027,31,,4115,4204,,0,0,0,1
1677859812191,1,1010123456002,78,,0,0,0,1,0,,9.59481,385,3603,2.72381,105,0,6,,15.5208,96,0,1.26182,28,0,0,31.0363,31,,4130,4187,,0,0,0,1
1677859812441,1,1010123456002,78,,0,0,0,1,0,,9.68649,370,0,2.68544,108,0,6,,14.9846,65,0,0.715264,19,0,0,31.9109,31,,3903,3954,,0,0,0,1
1677859812691,1,1010123456002,78,,0,0,0,1,0,,9.54674,353,0,2.52643,102,0,6,,15.4327,104,0,1.29683,30,0,0,31.0797,31,,3629,3718,,0,0,0,1
1677859812941,1,1010123456002,78,,0,0,0,1,0,,9.35142,387,0,2.7801,111,0,6,,15.592,125,0,1.8129,36,0,0,30.5842,31,,4105,4160,,0,0,0,1
1677859813191,1,1010123456002,78,,0,0,0,1,0,,9.50137,365,0,2.61254,101,0,6,,15.6739,92,0,1.27235,27,0,0,30.7142,31,,3855,3940,,0,0,0,1
1677859813441,1,1010123456002,78,,0,0,0,1,0,,9.17647,408,0,2.69226,115,0,6,,15.7333,90,0,1.30387,26,0,0,30.5672,31,,3993,4099,,0,0,0,1
1677859813691,1,1010123456002,78,,0,0,0,1,0,,9.57975,395,0,2.98758,111,0,6,,15.4815,135,0,1.85715,39,0,0,30.8182,31,,4403,4476,,0,0,0,1
1677859813941,1,1010123456002,78,,0,0,0,1,0,,9.72269,357,1487,2.67616,102,0,6,,15.4167,72,0,0.913472,21,0,0,31.1504,31,,4046,4127,,0,0,0,1
1677859814191,1,1010123456002,78,,0,0,0,1,0,,9.24256,437,2504,2.9057,125,0,6,,15.637,135,0,1.86902,39,0,0,30.7002,31,,4167,4296,,0,0,0,1
1677859814441,1,1010123456002,78,,0,0,0,1,0,,9.47029,387,0,2.876,115,0,6,,15.55,100,0,1.32979,29,0,0,30.8828,31,,4043,4139,,0,0,0,1
1677859814691,1,1010123456002,78,,0,0,0,1,0,,9.64012,339,0,2.47005,93,0,6,,15.4086,93,0,1.2513,27,0,0,30.9102,31,,3715,3822,,0,0,0,1
1677859814941,1,1010123456002,78,,0,0,0,1,0,,9.33254,418,0,2.79514,124,0,6,,15.5347,101,0,1.36819,29,0,0,30.6861,31,,3994,4087,,0,0,0,1
1677859815191,1,1010123456002,78,,0,0,0,1,0,,8.70119,251,0,1.79898,72,0,5.85714,,15.7031,128,0,1.82403,37,0,0,30.5707,31,,2972,3012,,0,0,0,1
1677859815441,1,1010123456002,78,,0,0,0,1,0,,10.1147,401,0,3.17171,107,0,6,,15.7099,131,0,1.92448,38,0,0,30.4971,31,,4980,5005,,0,0,0,1
1677859815691,1,1010123456002,78,,0,0,0,1,0,,9.42857,329,235,2.39779,99,0,6,,15.3804,92,0,1.25747,27,0,0,30.9225,31,,3248,3304,,0,0,0,1
1677859815941,1,1010123456002,78,,0,0,0,1,0,,9.40069,292,0,2.06634,85,0,6,,15.8062,160,0,2.44998,46,0,0,30.2454,31,,2958,3025,,0,0,0,1
1677859816191,1,1010123456002,78,,0,0,0,1,0,,9.54909,275,0,1.95443,78,0,6,,15.7462,130,0,1.8912,38,0,0,30.436,31,,2898,2953,,0,0,0,1
1677859816441,1,1010123456002,78,,0,0,0,1,0,,9.97276,257,0,2.04122,74,0,6,,15.5303,132,0,1.82077,38,0,0,30.9274,31,,3015,3049,,0,0,0,1
1677859816691,1,1010123456002,78,,0,0,0,1,0,,8.83333,276,0,1.80752,75,0,5.83333,,15.0879,91,0,0.979488,26,0,0,31.7564,31,,2993,3063,,0,0,0,1
1677859816941,1,1010123456002,78,,0,0,0,1,0,,9.66071,224,0,1.84138,68,0,6,,15.3365,104,0,1.30509,30,0,0,31.3577,31,,2576,2609,,0,0,0,1
1677859817191,1,1010123456002,78,,0,0,0,1,0,,9.96808,188,0,1.46061,52,0,6,,15.6168,107,0,1.4543,31,0,0,30.6328,31,,2181,2222,,0,0,0,1
1677859817441,1,1010123456002,78,,0,0,0,1,0,,9.86294,197,0,1.55539,58,0,6,,15.688,125,0,1.81635,36,0,0,30.4886,31,,2237,2269,,0,0,0,1
1677859817691,1,1010123456002,78,,0,0,0,1,0,,9.73333,285,0,2.16627,82,0,6,,15.42,100,0,1.27542,29,0,0,31.3203,31,,3197,3231,,0,0,0,1
1677859817941,1,1010123456002,78,,0,0,0,1,0,,9.81212,165,0,1.23856,47,0,6,,15.3333,108,0,1.45584,31,0,0,30.8911,31,,1827,1860,,0,0,0,1
1677859818191,1,1010123456002,78,,0,0,0,1,0,,10.1202,258,0,2.16464,74,0,6,,15.3898,118,0,1.50416,34,0,0,30.9505,31,,3172,3211,,0,0,0,1
1677859818441,1,1010123456002,78,,0,0,0,1,0,,9.73214,224,0,1.62963,64,0,6,,15.3803,71,0,0.788512,21,0,0,31.7051,31,,2388,2428,,0,0,0,1
1677859818691,1,1010123456002,78,,0,0,0,1,0,,10.3333,186,0,1.58954,53,0,6.16667,,15.4648,142,0,1.9553,41,0,0,30.8821,31,,2241,2271,,0,0,0,1
1677859818941,1,1010123456002,78,,0,0,0,1,0,,9.43299,194,0,1.3775,55,0,6,,15.5746,134,0,1.90688,39,0,0,30.5943,31,,2015,2056,,0,0,0,1
1677859819191,1,1010123456002,78,,0,0,0,1,0,,9.82407,108,0,0.830048,31,0,6,,15.587,138,0,1.84838,40,0,0,30.9382,31,,1199,1238,,0,0,0,1
1677859819441,1,1010123456002,78,,0,0,0,1,0,,10.2,100,0,0.896352,29,0,6,,15.4262,61,0,0.787968,18,0,0,31.2865,31,,1304,1338,,0,0,0,1
1677859819691,1,1010123456002,78,,0,0,0,1,0,,10.3609,338,0,3.08106,97,0,6,,15.4537,108,0,1.39808,31,0,0,30.9648,31,,4499,4538,,0,0,0,1
1677859819941,1,1010123456002,78,,0,0,0,1,0,,9.73554,121,0,0.813248,30,0,6,,15.1983,116,0,1.41005,34,0,0,31.3955,31,,1404,1428,,0,0,0,1
1677859820191,1,1010123456002,78,,0,0,0,1,0,,9.69872,156,0,1.37386,49,0,6,,15.4078,103,0,1.36445,30,0,0,30.8236,31,,1796,1855,,0,0,0,1
1677859820441,1,1010123456002,78,,0,0,0,1,0,,9.08235,170,0,1.12298,47,0,6,,15.4,135,0,1.83498,39,0,0,30.9172,31,,1693,1765,,0,0,0,1
1677859820691,1,1010123456002,78,,0,0,0,1,0,,9.31429,105,8932,0.767936,31,0,6,,15.3194,72,0,0.76784,21,0,0,31.9172,31,,1119,1137,,0,0,0,1
1677859820941,1,1010123456002,78,,0,0,0,1,0,,9.45902,183,0,1.37206,53,0,6,,15.1618,68,0,0.798912,20,0,0,31.6827,31,,1937,2005,,0,0,0,1
1677859821191,1,1010123456002,78,,0,0,0,1,0,,9.2948,173,1155,1.27978,49,0,6,,15.4516,93,0,1.26374,27,0,0,30.941,31,,1932,1952,,0,0,0,1
1677859821441,1,1010123456002,78,,0,0,0,1,0,,9.9078,141,1225,1.14912,42,0,6,,15.3301,103,0,1.27123,30,0,0,31.48,31,,1590,1640,,0,0,0,1
1677859821691,1,1010123456002,78,,0,0,0,1,0,,9.90968,155,0,1.17901,42,0,6,,14.7558,86,0,0.849248,25,0,0,32.303,31,,1771,1814,,0,0,0,1
1677859821941,1,1010123456002,78,,0,0,0,1,0,,10.0769,156,21,1.25978,44,0,6,,14.8571,84,150000,0.849952,24,0,0,32.0084,31,,1827,1890,,0,0,0,1
1677859822191,1,1010123456002,78,,0,0,0,1,0,,9.11005,209,339,1.30806,59,0,6,,15.8145,124,0,1.84832,36,0,0,30.3649,31,,1919,1991,,0,0,0,1
1677859822441,1,1010123456002,78,,0,0,0,1,0,,8.78453,181,0,1.12259,55,0,6,,15.1364,110,0,1.35254,32,0,0,31.3393,31,,1541,1593,,0,0,0,1
1677859822691,1,1010123456002,78,,0,0,0,1,0,,9.82759,174,0,1.26214,46,0,6,,15.54,100,0,1.32438,29,0,0,31.1404,31,,2021,2057,,0,0,0,1
1677859822941,1,1010123456002,78,,0,0,0,1,0,,9.66917,133,4469,1.05334,41,0,6,,15.442,138,0,1.88637,40,0,0,30.6598,31,,1442,1472,,0,0,0,1
1677859823191,1,1010123456002,78,,0,0,0,1,0,,8.66667,174,0,1.18771,47,0,5.85714,,15.63,100,0,1.36947,29,0,0,30.6663,31,,2015,2043,,0,0,0,1
1677859823441,1,1010123456002,78,,0,0,0,1,0,,9.3985,133,0,0.974912,40,0,6,,15.7476,103,0,1.39168,30,0,0,30.8737,31,,1309,1356,,0,0,0,1
1677859823691,1,1010123456002,78,,0,0,0,1,0,,9.90517,116,0,0.945792,34,0,6,,15.4029,139,0,1.88112,40,0,0,30.8687,31,,1358,1393,,0,0,0,1
1677859823941,1,1010123456002,78,,0,0,0,1,0,,9.16667,156,0,1.09437,43,0,6,,15.8099,121,0,1.81875,35,0,0,30.3075,31,,1625,1726,,0,0,0,1
1677859824191,1,1010123456002,78,,0,0,0,1,0,,9.58571,140,0,1.05808,37,0,6,,15.225,80,0,0.891168,23,0,0,31.8753,31,,1575,1654,,0,0,0,1
1677859824441,1,1010123456002,78,,0,0,0,1,0,,9.79021,143,0,0.956288,39,0,6,,15.4426,61,0,0.705728,18,0,0,31.284,31,,1495,1508,,0,0,0,1
1677859824691,1,1010123456002,78,,0,0,0,1,0,,9.43382,136,0,1.00688,44,0,6.16667,,15.4658,73,0,0.876096,21,0,0,31.4201,31,,1205,1250,,0,0,0,1
1677859824941,1,1010123456002,78,,0,0,0,1,0,,9.53763,186,0,1.30525,52,0,6,,15.68,125,0,1.81517,36,0,0,30.628,31,,1946,1994,,0,0,0,1
1677859825191,1,1010123456002,78,,0,0,0,1,0,,9.68452,168,61,1.1272,43,0,6,,15.5634,142,0,1.95773,41,0,0,30.662,31,,1781,1829,,0,0,0,1
1677859825441,1,1010123456002,78,,0,0,0,1,0,,8.17647,153,0,1.02666,48,0,5.83333,,15.4375,112,0,1.4807,32,0,0,30.9884,31,,1458,1510,,0,0,0,1
1677859825691,1,1010123456002,78,,0,0,0,1,0,,9.52381,189,0,1.18618,48,0,6,,15.4897,145,0,2.04688,42,0,0,30.8479,31,,2005,2042,,0,0,0,1
1677859825941,1,1010123456002,78,,0,0,0,1,0,,9.51534,163,0,1.34141,52,0,6,,15.1736,121,125,1.47619,35,0,0,31.2596,31,,1721,1741,,0,0,0,1
1677859826191,1,1010123456002,78,,0,0,0,1,0,,9.48815,211,0,1.33123,57,0,6,,15.6815,135,0,1.99581,39,0,0,30.4061,31,,2062,2095,,0,0,0,1
1677859826441,1,1010123456002,78,,0,0,0,1,0,,9.44872,156,0,1.17379,45,0,6,,15.7717,127,0,1.89802,37,0,0,30.2721,31,,1731,1759,,0,0,0,1
1677859826691,1,1010123456002,78,,0,0,0,1,0,,8.76995,213,1646,1.12291,57,0,6,,15.438,121,0,1.57923,35,0,0,30.8826,31,,1887,1927,,0,0,0,1
1677859826941,1,1010123456002,78,,0,0,0,1,0,,9.24862,181,0,1.38634,56,0,6,,15.427,89,1624,1.13347,26,0,0,31.1077,31,,1808,1870,,0,0,0,1
1677859827191,1,1010123456002,78,,0,0,0,1,0,,9.84577,201,0,1.52602,56,0,6,,15.7456,169,0,2.56582,49,0,0,30.18,31,,2216,2259,,0,0,0,1
1677859827441,1,1010123456002,78,,0,0,0,1,0,,9.78616,159,0,1.22938,47,0,6,,15.7885,104,0,1.53578,30,0,0,30.4865,31,,1814,1847,,0,0,0,1
1677859827691,1,1010123456002,78,,0,0,0,1,0,,9.56173,162,0,1.1431,46,0,6,,15.6525,141,0,2.05696,41,0,0,30.4934,31,,1686,1717,,0,0,0,1
1677859827941,1,1010123456002,78,,0,0,0,1,0,,9.9708,137,0,1.19894,42,0,6,,15.7988,169,0,2.55104,49,0,0,30.2058,31,,1645,1669,,0,0,0,1
1677859828191,1,1010123456002,78,,0,0,0,1,0,,9.28962,183,0,1.18234,49,0,6,,15.6738,141,0,1.99856,41,0,0,30.5163,31,,1790,1832,,0,0,0,1
1677859828441,1,1010123456002,78,,0,0,0,1,0,,8.7987,154,0,0.917984,47,0,6.16667,,15.2705,122,0,1.52234,35,0,0,31.1987,31,,1274,1345,,0,0,0,1
1677859828691,1,1010123456002,78,,0,0,0,1,0,,8.16364,165,0,0.913856,47,0,5.66667,,15.5411,146,135117,1.98899,42,0,0,30.7806,31,,1508,1581,,0,0,0,1
1677859828941,1,1010123456002,78,,0,0,0,1,0,,9.2953,149,0,0.965088,43,0,6,,15.6496,117,1132,1.65098,34,0,0,30.7188,31,,1405,1463,,0,0,0,1
1677859829191,1,1010123456002,78,,0,0,0,1,0,,9.08772,114,0,0.85504,34,0,6,,15.2021,94,0,1.07638,27,0,0,31.5714,31,,1183,1254,,0,0,0,1
1677859829441,1,1010123456002,78,,0,0,0,1,0,,9.36686,169,323,1.11994,46,0,6,,15.5735,136,0,1.88666,39,0,0,30.8276,31,,1693,1738,,0,0,0,1
1677859829691,1,1010123456002,78,,0,0,0,1,0,,9.49686,159,113,1.11258,46,0,6,,15.6019,103,0,1.36624,30,0,0,30.9048,31,,1668,1683,,0,0,0,1
1677859829941,1,1010123456002,78,,0,0,0,1,0,,9.20382,157,0,1.08208,43,0,6,,15.8145,124,0,1.8495,36,0,0,30.3925,31,,1592,1638,,0,0,0,1
1677859830191,1,1010123456002,78,,0,0,0,1,0,,9.87313,134,0,1.04486,40,0,6,,15.7292,96,0,1.34237,28,0,0,30.688,31,,1451,1481,,0,0,0,1
1677859830441,1,1010123456002,78,,0,0,0,1,0,,8.87685,203,0,1.19754,59,0,6,,15.4909,110,0,1.37702,32,0,0,31.2521,31,,1771,1829,,0,0,0,1
1677859830691,1,1010123456002,78,,0,0,0,1,0,,9.65517,174,0,1.19802,46,0,6,,15.6016,128,135117,1.82829,37,0,0,30.6652,31,,1888,1919,,0,0,0,1
1677859830941,1,1010123456002,78,,0,0,0,1,0,,8.49398,166,0,1.01162,49,0,6,,15.7185,135,0,2.00131,39,0,0,30.4694,31,,1427,1480,,0,0,0,1
1677859831191,1,1010123456002,78,,0,0,0,1,0,,9.76812,138,0,1.05315,41,0,6,,15.3942,104,0,1.35565,30,0,0,30.9473,31,,1482,1505,,0,0,0,1
1677859831441,1,1010123456002,78,,0,0,0,1,0,,9.86503,163,68,1.08378,40,0,6,,15.2981,104,0,1.33066,30,0,0,31.1003,31,,1921,1960,,0,0,0,1
1677859831691,1,1010123456002,78,,0,0,0,1,0,,9.77059,170,0,1.4799,51,0,6,,15.6532,124,0,1.84646,36,0,0,30.5187,31,,1952,1976,,0,0,0,1
1677859831941,1,1010123456002,78,,0,0,0,1,0,,10.246,126,0,1.15734,41,0,6,,15.4434,106,0,1.40282,31,0,0,31.1404,31,,1568,1584,,0,0,0,1
1677859832191,1,1010123456002,78,,0,0,0,1,0,,8.69325,163,0,0.951104,47,0,6,,15.7527,93,0,1.36214,27,0,0,30.3834,31,,1396,1447,,0,0,0,1
1677859832441,1,1010123456002,78,,0,0,0,1,0,,9.97015,201,0,1.54109,56,0,6,,15.6489,131,0,1.87434,38,0,0,30.6,31,,2297,2320,,0,0,0,1
1677859832691,1,1010123456002,78,,0,0,0,1,0,,8.66509,212,0,1.30621,62,0,6,,15.6162,99,0,1.37389,29,0,0,30.7266,31,,1864,1916,,0,0,0,1
1677859832941,1,1010123456002,78,,0,0,0,1,0,,9.54359,195,0,1.25645,53,0,6,,15.4528,106,0,1.38909,31,0,0,30.9689,31,,1952,1996,,0,0,0,1
1677859833191,1,1010123456002,78,,0,0,0,1,0,,8.97938,194,0,1.29075,58,0,6,,15.2436,78,0,0.92208,23,0,0,31.6233,31,,1793,1851,,0,0,0,1
1677859833441,1,1010123456002,78,,0,0,0,1,0,,9.76667,210,0,1.52989,57,0,6,,15.8145,124,0,1.9039,36,0,0,30.2168,31,,2294,2317,,0,0,0,1
1677859833691,1,1010123456002,78,,0,0,0,1,0,,9.94624,186,0,1.41574,54,0,6,,15.3942,104,0,1.37875,30,0,0,30.9886,31,,2062,2097,,0,0,0,1
1677859833941,1,1010123456002,78,,0,0,0,1,0,,9.90374,187,0,1.42784,52,0,6,,15.8455,123,0,1.89222,36,0,0,30.2354,31,,2178,2216,,0,0,0,1
1677859834191,1,1010123456002,78,,0,0,0,1,0,,9.58289,187,0,1.45472,56,0,6,,15.4167,72,0,0.881408,21,0,0,31.2011,31,,1979,2025,,0,0,0,1
1677859834441,1,1010123456002,78,,0,0,0,1,0,,9.55208,192,0,1.33514,55,0,6,,15.1467,75,0,0.845888,22,0,0,31.8644,31,,1949,1986,,0,0,0,1
1677859834691,1,1010123456002,78,,0,0,0,1,0,,10.0324,216,1203,1.71654,60,0,6,,15.354,113,0,1.45888,33,0,0,31.136,31,,2569,2604,,0,0,0,1
1677859834941,1,1010123456002,78,,0,0,0,1,0,,8.84553,246,0,1.47014,70,0,6,,14.9146,82,0,0.8848,24,0,0,31.8369,31,,2122,2178,,0,0,0,1
1677859835191,1,1010123456002,78,,0,0,0,1,0,,9.27049,244,267,1.57213,66,0,6,,15.596,99,0,1.38662,29,0,0,30.7308,31,,2482,2510,,0,0,0,1
1677859835441,1,1010123456002,78,,0,0,0,1,0,,8.61751,217,0,1.62266,64,0,5.83333,,14.8103,58,0,0.438304,17,0,0,32.6375,31,,2540,2600,,0,0,0,1
1677859835691,1,1010123456002,78,,0,0,0,1,0,,9.37824,193,5303,1.20618,51,0,6,,15.7099,131,0,1.93277,38,0,0,30.5445,31,,2080,2100,,0,0,0,1
1677859835941,1,1010123456002,78,,0,0,0,1,0,,9.38039,255,0,2.02525,81,0,6,,15.2949,78,0,0.936192,23,0,0,31.3229,31,,2561,2633,,0,0,0,1
1677859836191,1,1010123456002,78,,0,0,0,1,0,,9.05704,263,0,1.68566,73,0,6,,15.3333,78,0,0.922432,23,0,0,31.5324,31,,2530,2591,,0,0,0,1
1677859836441,1,1010123456002,78,,0,0,0,1,0,,9.89381,113,0,0.876288,32,0,6,,15.3797,79,0,0.886528,23,0,0,31.6306,31,,1256,1297,,0,0,0,1
1677859836691,1,1010123456002,78,,0,0,0,1,0,,9.93574,249,0,1.96598,70,0,6,,14.2549,51,0,0.405184,15,0,0,33.3614,31,,2872,2919,,0,0,0,1
1677859836941,1,1010123456002,78,,0,0,0,1,0,,9.38849,139,0,0.947104,40,0,6,,15.4533,75,0,0.907712,22,0,0,31.3378,31,,1406,1456,,0,0,0,1
1677859837191,1,1010123456002,78,,0,0,0,1,0,,9.93274,223,0,1.69462,61,0,6,,15.3088,68,0,0.876256,20,0,0,30.9452,31,,2518,2561,,0,0,0,1
1677859837441,1,1010123456002,78,,0,0,0,1,0,,10.017,176,0,1.51485,54,0,6,,15.1765,68,0,0.816864,20,0,0,31.6234,31,,2048,2070,,0,0,0,1
1677859837691,1,1010123456002,78,,0,0,0,1,0,,9.04854,103,0,0.694272,30,0,6,,15.4602,113,0,1.49648,33,0,0,30.8535,31,,1008,1025,,0,0,0,1
1677859837941,1,1010123456002,78,,0,0,0,1,0,,9.70539,241,0,1.75312,66,0,6,,15.3645,107,0,1.44842,31,0,0,30.9546,31,,2673,2709,,0,0,0,1
1677859838191,1,1010123456002,78,,0,0,0,1,0,,9.85135,148,0,1.17536,43,0,6,,15.7823,124,0,1.85581,36,0,0,30.33,31,,1697,1717,,0,0,0,1
1677859838441,1,1010123456002,78,,0,0,0,1,0,,9.06667,150,364,0.907808,43,0,6,,15.4158,101,0,1.39885,29,0,0,30.7647,31,,1328,1368,,0,0,0,1
1677859838691,1,1010123456002,78,,0,0,0,1,0,,9.56561,221,0,1.69939,62,0,6,,15.3738,107,0,1.38243,31,0,0,31.2736,31,,2512,2542,,0,0,0,1
1677859838941,1,1010123456002,78,,0,0,0,1,0,,9.08392,143,0,0.95984,42,0,6,,14.2951,61,0,0.47408,18,0,0,33.0381,31,,1338,1397,,0,0,0,1
1677859839191,1,1010123456002,78,,0,0,0,1,0,,9.87562,201,137,1.43722,53,0,6,,14.7037,54,0,0.429792,16,0,0,32.9336,31,,2279,2307,,0,0,0,1
1677859839441,1,1010123456002,78,,0,0,0,1,0,,9.57407,162,0,1.09965,46,0,6,,15.6237,93,0,1.30029,27,0,0,30.7226,31,,1683,1725,,0,0,0,1
1677859839691,1,1010123456002,78,,0,0,0,1,0,,9.34911,169,0,1.3665,52,0,6,,15.4621,132,0,1.76845,38,0,0,30.9413,31,,1843,1903,,0,0,0,1
1677859839941,1,1010123456002,78,,0,0,0,1,0,,9.41905,105,4261,0.705408,27,0,6,,15.7438,121,0,1.7576,35,0,0,30.5508,31,,1177,1243,,0,0,0,1
1677859840191,1,1010123456002,78,,0,0,0,1,0,,10.1478,115,0,1.1743,38,0,6,,15.6719,128,0,1.79402,37,0,0,30.7566,31,,1464,1477,,0,0,0,1
1677859840441,1,1010123456002,78,,0,0,0,1,0,,9.76692,133,1324,1.00995,37,0,6,,15.5887,124,0,1.76755,36,0,0,30.7406,31,,1520,1566,,0,0,0,1
1677859840691,1,1010123456002,78,,0,0,0,1,0,,9.65909,132,0,1.09754,39,0,6,,15.3942,104,0,1.25478,30,0,0,31.5123,31,,1553,1608,,0,0,0,1
1677859840941,1,1010123456002,78,,0,0,0,1,0,,9.17277,191,0,1.29251,54,0,6,,14.8125,80,0,0.764064,23,0,0,32.5296,31,,1879,1940,,0,0,0,1
1677859841191,1,1010123456002,78,,0,0,0,1,0,,9.20225,89,0,0.62272,25,0,6,,15.6532,124,0,1.78515,36,0,0,30.633,31,,879,926,,0,0,0,1
1677859841441,1,1010123456002,78,,0,0,0,1,0,,9.66667,66,0,0.50144,19,0,6,,15.775,120,0,1.78698,35,0,0,30.3359,31,,723,743,,0,0,0,1
1677859841691,1,1010123456002,78,,0,0,0,1,0,,9.9378,209,0,1.56742,55,0,6,,15,90,0,0.81536,26,0,0,32.59,31,,2531,2570,,0,0,0,1
1677859841941,1,1010123456002,78,,0,0,0,1,0,,9.81936,155,0,1.388,49,0,6,,15.6532,124,0,1.76794,36,0,0,30.6042,31,,1800,1857,,0,0,0,1
1677859842191,1,1010123456002,78,,0,0,0,1,0,,9.48387,62,0,0.461824,18,0,6,,15.27,100,0,1.27498,29,0,0,31.2618,31,,660,700,,0,0,0,1
1677859842441,1,1010123456002,78,,0,0,0,1,0,,9.54839,93,0,0.699648,26,0,6,,15.4719,89,0,1.21651,26,0,0,30.9541,31,,1005,1061,,0,0,0,1
1677859842691,1,1010123456002,78,,0,0,0,1,0,,9.5625,112,931,0.947296,32,0,6,,15.61,100,0,1.31338,29,0,0,30.9283,31,,1368,1437,,0,0,0,1
1677859842941,1,1010123456002,78,,0,0,0,1,0,,8.49219,128,0,0.720992,33,0,6,,15.6774,124,0,1.77485,36,0,0,30.6631,31,,1180,1250,,0,0,0,1
1677859843191,1,1010123456002,78,,0,0,0,1,0,,8.69403,134,119,0.84528,40,0,6,,15.3828,128,0,1.74902,37,0,0,30.9913,31,,1163,1220,,0,0,0,1
1677859843441,1,1010123456002,78,,0,0,0,1,0,,8.4898,49,0,0.32576,15,0,6,,15.5082,61,0,0.741184,18,0,0,31.2081,31,,424,454,,0,0,0,1
1677859843691,1,1010123456002,78,,0,0,0,1,0,,10.1268,142,0,1.21459,40,0,6,,15.7377,122,0,1.76131,35,0,0,30.51,31,,1749,1808,,0,0,0,1
1677859843941,1,1010123456002,78,,0,0,0,1,0,,8.68831,77,0,0.49712,23,0,6,,15.31,100,0,1.27376,29,0,0,31.1565,31,,718,761,,0,0,0,1
1677859844191,1,1010123456002,78,,0,0,0,1,0,,9.89474,114,0,0.917504,32,0,6,,15.6953,128,0,1.78115,37,0,0,30.7835,31,,1336,1364,,0,0,0,1
1677859844441,1,1010123456002,78,,0,0,0,1,0,,8.90654,107,0,0.680416,29,0,6,,15.44,100,0,1.27101,29,0,0,31.2147,31,,1024,1121,,0,0,0,1
1677859844691,1,1010123456002,78,,0,0,0,1,0,,8.43519,108,0,0.695328,32,0,6,,15.6116,121,0,1.76234,35,0,0,30.5535,31,,943,1026,,0,0,0,1
1677859844941,1,1010123456002,78,,0,0,0,1,0,,9.07547,106,0,0.700928,28,0,6,,15.6082,97,0,1.24538,28,0,0,31.1537,31,,1093,1167,,0,0,0,1
1677859845191,1,1010123456002,78,,0,0,0,1,0,,8.93103,116,0,0.830272,34,0,6,,15.4656,131,0,1.79853,38,0,0,30.8221,31,,1113,1224,,0,0,0,1
1677859845441,1,1010123456002,78,,0,0,0,1,0,,9.16346,104,0,0.704896,30,0,6,,15.5191,131,0,1.79853,38,0,0,30.8767,31,,1020,1094,,0,0,0,1
1677859845691,1,1010123456002,78,,0,0,0,1,0,,8.504,125,0,0.785312,36,0,6,,15.3711,97,0,1.24301,28,0,0,31.2294,31,,1146,1237,,0,0,0,1
1677859845941,1,1010123456002,78,,0,0,0,1,0,,9.65823,79,0,0.677664,23,0,6,,15.6094,128,0,1.79146,37,0,0,30.8619,31,,973,1041,,0,0,0,1
1677859846191,1,1010123456002,78,,0,0,0,1,0,,9.45745,94,0,0.719264,27,0,6,,15.2113,71,0,0.743456,21,0,0,32.0823,31,,1027,1111,,0,0,0,1
1677859846441,1,1010123456002,78,,0,0,0,1,0,,8.77451,102,0,0.69968,29,0,6,,15.26,100,0,1.22064,29,0,0,31.5283,31,,1017,1087,,0,0,0,1
1677859846691,1,1010123456002,78,,0,0,0,1,0,,8.53398,103,0,0.607456,29,0,6,,15.7559,127,0,1.86246,37,0,0,30.4506,31,,879,938,,0,0,0,1
1677859846941,1,1010123456002,78,,0,0,0,1,0,,8.85556,90,0,0.527328,25,0,6,,15.6693,127,0,1.80554,37,0,0,30.6739,31,,820,855,,0,0,0,1
1677859847191,1,1010123456002,78,,0,0,0,1,0,,8.86539,104,0,0.596064,31,0,6,,15.3689,103,0,1.30323,30,0,0,31.1022,31,,817,852,,0,0,0,1
1677859847441,1,1010123456002,78,,0,0,0,1,0,,9.06977,86,0,0.53056,23,0,6.16667,,15.7016,124,0,1.73507,36,0,0,30.8777,31,,782,808,,0,0,0,1
1677859847691,1,1010123456002,78,,0,0,0,1,0,,9.19231,78,0,0.551648,23,0,6,,14.9277,83,0,0.807712,24,0,0,32.162,31,,789,831,,0,0,0,1
1677859847941,1,1010123456002,78,,0,0,0,1,0,,8.46341,123,85,0.553152,31,0,6,,15.3689,103,0,1.28435,30,0,0,31.2382,31,,917,968,,0,0,0,1
1677859848191,1,1010123456002,78,,0,0,0,1,0,,8.96226,106,0,0.6528,33,0,6,,15.7561,82,0,1.2073,24,0,0,30.5857,31,,852,897,,0,0,0,1
1677859848441,1,1010123456002,78,,0,0,0,1,0,,8.44776,67,0,0.388608,20,0,6,,15.6777,121,0,1.75914,35,0,0,30.5884,31,,552,587,,0,0,0,1
1677859848691,1,1010123456002,78,,0,0,0,1,0,,8.568,125,1023,0.721984,34,0,5.83333,,15.4389,139,135117,1.8728,40,0,0,31.0754,31,,1157,1220,,0,0,0,1
1677859848941,1,1010123456002,78,,0,0,0,1,0,,8.39796,98,0,0.581504,30,0,6,,15.6987,156,0,2.33539,45,0,0,30.5019,31,,779,817,,0,0,0,1
1677859849191,1,1010123456002,78,,0,0,0,1,0,,8.91579,95,0,0.619616,26,0,6,,15.377,61,0,0.717952,18,0,0,31.7743,31,,948,1008,,0,0,0,1
1677859849441,1,1010123456002,78,,0,0,0,1,0,,9.08421,95,0,0.593344,28,0,6,,15.7131,122,0,1.7913,35,0,0,30.4741,31,,811,838,,0,0,0,1
1677859849691,1,1010123456002,78,,0,0,0,1,0,,8.3578,109,0,0.629088,31,0,6,,15.7323,127,0,1.85187,37,0,0,30.5753,31,,916,1055,,0,0,0,1
1677859849941,1,1010123456002,78,,0,0,0,1,0,,8.78723,94,0,0.636128,27,0,6,,15.6739,92,0,1.27517,27,0,0,30.7867,31,,918,1016,,0,0,0,1
1677859850191,1,1010123456002,78,,0,0,0,1,0,,8.22124,113,0,0.607008,28,0,6,,15.3813,139,0,1.81626,40,0,0,31.1412,31,,988,1120,,0,0,0,1
1677859850441,1,1010123456002,78,,0,0,0,1,0,,8.70103,97,135,0.689088,32,0,6,,15.6532,124,0,1.78701,36,0,0,30.5756,31,,891,976,,0,0,0,1
1677859850691,1,1010123456002,78,,0,0,0,1,0,,8.85185,81,0,0.5288,23,0,6,,15.1039,77,0,0.80784,22,0,0,31.9633,31,,762,820,,0,0,0,1
1677859850941,1,1010123456002,78,,0,0,0,1,0,,9.07292,96,0,0.654432,26,0,6,,15.5556,99,0,1.29136,29,0,0,31.0834,31,,1005,1089,,0,0,0,1
1677859851191,1,1010123456002,78,,0,0,0,1,0,,8.62887,97,0,0.708544,28,0,6,,14.9697,66,0,0.699424,19,0,0,31.7563,31,,998,1147,,0,0,0,1
1677859851441,1,1010123456002,78,,0,0,0,1,0,,9.38372,86,0,0.657376,25,0,6,,14.9342,76,0,0.767744,22,0,0,32.0278,31,,983,1017,,0,0,0,1
1677859851691,1,1010123456002,78,,0,0,0,1,0,,8.40659,91,0,0.611456,27,0,6,,15.7823,124,135117,1.83994,36,0,0,30.3439,31,,856,911,,0,0,0,1
1677859851941,1,1010123456002,78,,0,0,0,1,0,,8.94595,111,0,0.774016,31,0,6,,15.4118,102,0,1.30016,30,0,0,31.2823,31,,1093,1187,,0,0,0,1
1677859852191,1,1010123456002,78,,0,0,0,1,0,,8.93396,106,0,0.603264,26,0,6,,15.375,104,0,1.29402,30,0,0,31.3863,31,,981,1059,,0,0,0,1
1677859852441,1,1010123456002,78,,0,0,0,1,0,,8.98947,95,0,0.698496,31,0,6,,15.6107,131,0,1.82189,38,0,0,30.7857,31,,901,963,,0,0,0,1
1677859852691,1,1010123456002,78,,0,0,0,1,0,,8.74766,107,0,0.674304,29,0,6,,13.9643,56,0,0.23744,16,0,0,33.9698,31,,1052,1154,,0,0,0,1
1677859852941,1,1010123456002,78,,0,0,0,1,0,,9.39362,94,0,0.712992,27,0,6,,15.2523,107,0,1.31856,31,0,0,31.3554,31,,981,1028,,0,0,0,1
1677859853191,1,1010123456002,78,,0,0,0,1,0,,9.37975,79,0,0.610592,25,0,6,,15.0533,75,0,0.760448,22,0,0,32.2344,31,,830,887,,0,0,0,1
1677859853441,1,1010123456002,78,,0,0,0,1,0,,8.90435,115,0,0.682528,33,0,6,,15.6935,124,0,1.8121,36,0,0,30.614,31,,989,1053,,0,0,0,1
1677859853691,1,1010123456002,78,,0,0,0,1,0,,9.09565,115,0,0.694688,31,0,6,,15.0253,79,0,0.800032,23,0,0,32.0591,31,,1035,1117,,0,0,0,1
1677859853941,1,1010123456002,78,,0,0,0,1,0,,9.34832,89,0,0.707776,27,0,6,,14.8953,86,0,0.837024,25,0,0,32.4063,31,,991,1060,,0,0,0,1
1677859854191,1,1010123456002,78,,0,0,0,1,0,,8.89623,106,0,0.737888,29,0,6,,15.5271,129,0,1.79949,37,0,0,30.7995,31,,1049,1173,,0,0,0,1
1677859854441,1,1010123456002,78,,0,0,0,1,0,,8.97938,97,0,0.71504,27,0,6,,15.6953,128,0,1.87587,37,0,0,30.4994,31,,1023,1120,,0,0,0,1
1677859854691,1,1010123456002,78,,0,0,0,1,0,,8.51352,111,0,0.657152,30,0,6,,15.7097,93,135117,1.29453,27,0,0,30.7349,31,,998,1087,,0,0,0,1
1677859854941,1,1010123456002,78,,0,0,0,1,0,,9.15238,105,0,0.72624,31,0,6.16667,,15.7852,149,0,2.30141,43,0,0,30.2628,31,,1090,1149,,0,0,0,1
1677859855191,1,1010123456002,78,,0,0,0,1,0,,9.31959,97,0,0.772192,29,0,6,,15.504,125,0,1.80227,36,0,0,30.6677,31,,1003,1067,,0,0,0,1
1677859855441,1,1010123456002,78,,0,0,0,1,0,,9.2,30,0,0.178208,9,0,6,,15.6953,128,0,1.8312,37,0,0,30.7379,31,,260,272,,0,0,0,1
1677859855691,1,1010123456002,78,,0,0,0,1,0,,8.60563,71,0,0.371328,18,0,6,,15.1061,66,0,0.757376,19,0,0,31.6273,31,,620,687,,0,0,0,1
1677859855941,1,1010123456002,78,,0,0,0,1,0,,9.35849,53,0,0.450176,18,0,6,,15.7886,123,0,1.86646,36,0,0,30.31,31,,559,590,,0,0,0,1
1677859856191,1,1010123456002,78,,0,0,0,1,0,,8.95238,126,1158,0.880448,34,0,6,,15.6042,96,0,1.31104,28,0,0,30.8393,31,,1448,1529,,0,0,0,1
1677859856441,1,1010123456002,78,,0,0,0,1,0,,8.27551,98,0,0.628768,31,0,6,,15.3365,104,0,1.3175,30,0,0,31.1504,31,,780,855,,0,0,0,1
1677859856691,1,1010123456002,78,,0,0,0,1,0,,9.16949,59,0,0.446368,17,0,6,,15.5155,97,135117,1.28416,28,0,0,30.8448,31,,638,696,,0,0,0,1
1677859856941,1,1010123456002,78,,0,0,0,1,0,,8.15385,78,0,0.377568,23,0,6,,15.8247,154,0,2.42058,45,0,0,30.263,31,,560,627,,0,0,0,1
1677859857191,1,1010123456002,78,,0,0,0,1,0,,7.70513,78,0,0.32176,21,0,6,,15.322,59,0,0.678048,17,0,0,31.7083,31,,489,553,,0,0,0,1
1677859857441,1,1010123456002,78,,0,0,0,1,0,,8.62195,82,0,0.404928,24,0,6,,15.6031,131,0,1.77357,38,0,0,30.8669,31,,596,640,,0,0,0,1
1677859857691,1,1010123456002,78,,0,0,0,1,0,,8.01667,60,0,0.250048,18,0,6,,15.3485,66,1624,0.690208,19,0,0,31.912,31,,355,408,,0,0,0,1
1677859857941,1,1010123456002,78,,0,0,0,1,0,,8.40602,133,0,0.704288,37,0,6,,15.8052,154,0,2.32336,45,0,0,30.3948,31,,1089,1221,,0,0,0,1
1677859858191,1,1010123456002,78,,0,0,0,1,0,,7.91765,85,0,0.488192,24,0,6,,15,23,0,0.141024,7,0,0,33.2807,31,,660,815,,0,0,0,1
1677859858441,1,1010123456002,78,,0,0,0,1,0,,8.01492,67,0,0.391392,20,0,6,,15.24,100,0,1.23901,29,0,0,31.3599,31,,545,661,,0,0,0,1
1677859858691,1,1010123456002,78,,0,0,0,1,0,,7.37931,58,0,0.169216,16,0,6,,15.2273,66,135117,0.692448,19,0,0,31.9152,31,,281,342,,0,0,0,1
1677859858941,1,1010123456002,78,,0,0,0,1,0,,7.57746,71,0,0.259616,19,0,6,,15.5417,96,0,1.22803,28,0,0,31.0541,31,,386,459,,0,0,0,1
1677859859191,1,1010123456002,78,,0,0,0,1,0,,7.55435,92,0,0.453888,25,0,6,,15.5169,89,0,1.19987,26,0,0,30.9875,31,,654,813,,0,0,0,1
1677859859441,1,1010123456002,78,,0,0,0,1,0,,7.7,90,0,0.499776,26,0,6,,15.5914,93,0,1.20048,27,0,0,31.2166,31,,677,823,,0,0,0,1
1677859859691,1,1010123456002,78,,0,0,0,1,0,,7.74074,81,0,0.447968,24,0,6,,14.3947,38,0,0.172,11,0,0,33.6192,31,,637,772,,0,0,0,1
1677859859941,1,1010123456002,78,,0,0,0,1,0,,7.8125,96,0,0.465056,25,0,6,,15.6237,93,0,1.23357,27,0,0,31.0766,31,,706,879,,0,0,0,1
1677859860191,1,1010123456002,78,,0,0,0,1,0,,8.14894,94,0,0.511872,28,0,6,,15.7848,79,0,1.16739,23,0,0,30.5062,31,,669,786,,0,0,0,1
1677859860441,1,1010123456002,78,,0,0,0,1,0,,8.08889,90,0,0.475712,24,0,6,,15.7209,86,0,1.22742,25,0,0,30.5013,31,,709,859,,0,0,0,1
1677859860691,1,1010123456002,78,,0,0,0,1,0,,7.98925,93,0,0.503456,26,0,6,,14.7091,55,135117,0.275648,16,0,0,34.0623,31,,675,815,,0,0,0,1
1677859860941,1,1010123456002,78,,0,0,0,1,0,,7.86956,92,0,0.507264,26,0,6,,15.568,125,0,1.76064,36,0,0,30.7124,31,,753,904,,0,0,0,1
1677859861191,1,1010123456002,78,,0,0,0,1,0,,8.19767,86,0,0.496032,25,0,6,,15.1579,76,0,0.773312,22,0,0,32.0086,31,,700,831,,0,0,0,1
1677859861441,1,1010123456002,78,,0,0,0,1,0,,7.82022,89,0,0.512032,27,0,6,,15.6923,130,0,1.83578,38,0,0,30.7339,31,,689,843,,0,0,0,1
1677859861691,1,1010123456002,78,,0,0,0,1,0,,7.94845,97,0,0.480672,27,0,6,,14.9,80,0,0.809632,23,0,0,32.0588,31,,728,860,,0,0,0,1
1677859861941,1,1010123456002,78,,0,0,0,1,0,,8.20513,78,0,0.523072,24,0,6,,15.493,71,0,0.831072,21,0,0,31.3244,31,,706,829,,0,0,0,1
1677859862191,1,1010123456002,78,,0,0,0,1,0,,8.15116,86,0,0.50192,25,0,6,,15.3813,139,0,1.8201,40,0,0,31.2369,31,,723,834,,0,0,0,1
1677859862441,1,1010123456002,78,,0,0,0,1,0,,7.75,104,0,0.51552,28,0,6,,15.5147,68,0,0.810944,20,0,0,31.2813,31,,750,877,,0,0,0,1
1677859862691,1,1010123456002,78,,0,0,0,1,0,,8.54255,94,0,0.491008,26,0,6,,15.3163,98,135117,1.27597,28,0,0,31.0607,31,,745,835,,0,0,0,1
1677859862941,1,1010123456002,78,,0,0,0,1,0,,8.62887,97,0,0.55776,28,0,6,,15.7654,162,0,2.40922,47,0,0,30.4208,31,,787,885,,0,0,0,1
1677859863191,1,1010123456002,78,,0,0,0,1,0,,8.52222,90,0,0.546752,26,0,6,,15.2727,99,0,1.29613,29,0,0,31.0396,31,,761,855,,0,0,0,1
1677859863441,1,1010123456002,78,,0,0,0,1,0,,8.71765,85,0,0.600448,26,0,6,,15.587,92,0,1.27616,27,0,0,30.8469,31,,801,894,,0,0,0,1
1677859863691,1,1010123456002,78,,0,0,0,1,0,,8.48276,87,0,0.512096,25,0,6,,15.5347,101,135117,1.28848,29,0,0,31.225,31,,779,861,,0,0,0,1
1677859863941,1,1010123456002,78,,0,0,0,1,0,,8.63107,103,0,0.606496,31,0,6,,15.8477,151,0,2.3672,44,0,0,30.1548,31,,814,888,,0,0,0,1
1677859864191,1,1010123456002,78,,0,0,0,1,0,,8.81633,98,0,0.521344,27,0,6,,15.2718,103,0,1.34723,30,0,0,30.8925,31,,793,846,,0,0,0,1
1677859864441,1,1010123456002,78,,0,0,0,1,0,,8.16346,104,0,0.581216,31,0,6,,15.6526,95,0,1.3017,28,0,0,30.667,31,,780,858,,0,0,0,1
1677859864691,1,1010123456002,78,,0,0,0,1,0,,8.88461,78,0,0.515744,23,0,6,,15.6889,90,135117,1.24115,26,0,0,30.5955,31,,738,784,,0,0,0,1
1677859864941,1,1010123456002,78,,0,0,0,1,0,,8.17757,107,0,0.553632,31,0,6,,15.7355,121,0,1.75126,35,0,0,30.5284,31,,810,858,,0,0,0,1
1677859865191,1,1010123456002,78,,0,0,0,1,0,,8.2844,109,0,0.518368,29,0,6,,15.5197,127,0,1.77987,37,0,0,30.7628,31,,796,856,,0,0,0,1
1677859865441,1,1010123456002,78,,0,0,0,1,0,,8.68367,98,0,0.625856,28,0,6,,15.6694,124,0,1.76768,36,0,0,30.6992,31,,907,1008,,0,0,0,1
1677859865691,1,1010123456002,78,,0,0,0,1,0,,8.42056,107,0,0.597088,31,0,6,,15.1389,72,135117,0.751328,21,0,0,31.9109,31,,847,929,,0,0,0,1
1677859865941,1,1010123456002,78,,0,0,0,1,0,,8.96117,103,0,0.789568,32,0,6,,15.8212,151,0,2.30778,44,0,0,30.3005,31,,1105,1247,,0,0,0,1
1677859866191,1,1010123456002,78,,0,0,0,1,0,,8.47445,137,0,0.809184,40,0,6,,15.5,62,0,0.704704,18,0,0,31.4374,31,,1108,1188,,0,0,0,1
1677859866441,1,1010123456002,78,,0,0,0,1,0,,8.95192,104,0,0.553824,28,0,6,,15.31,100,0,1.23171,29,0,0,31.5036,31,,889,947,,0,0,0,1
1677859866691,1,1010123456002,78,,0,0,0,1,0,,8.72093,86,0,0.54448,27,0,6,,15.6556,90,1624,1.2103,26,0,0,31.0101,31,,691,749,,0,0,0,1
1677859866941,1,1010123456002,78,,0,0,0,1,0,,8.98214,112,0,0.7016,30,0,6,,15.5645,124,0,1.75853,36,0,0,30.737,31,,1072,1149,,0,0,0,1
1677859867191,1,1010123456002,78,,0,0,0,1,0,,8.37815,119,0,0.650304,33,0,6,,15.5741,54,0,0.67648,16,0,0,31.2074,31,,998,1085,,0,0,0,1
1677859867441,1,1010123456002,78,,0,0,0,1,0,,7.96875,128,0,0.726656,38,0,6,,15.6458,96,0,1.27232,28,0,0,31.0725,31,,966,1067,,0,0,0,1
1677859867691,1,1010123456002,78,,0,0,0,1,0,,8.31,100,0,0.49984,29,0,6,,15,72,135117,0.745568,21,0,0,31.8928,31,,721,774,,0,0,0,1
1677859867941,1,1010123456002,78,,0,0,0,1,0,,8.78823,170,0,1.01981,47,0,6,,15.8378,148,0,2.29994,43,0,0,30.2315,31,,1510,1619,,0,0,0,1
1677859868191,1,1010123456002,78,,0,0,0,1,0,,8.43965,116,0,0.713024,34,0,6,,15.4062,96,0,1.25498,28,0,0,30.9856,31,,971,1094,,0,0,0,1
1677859868441,1,1010123456002,78,,0,0,0,1,0,,8.54701,117,0,0.690816,34,0,6,,15.5761,92,0,1.20522,27,0,0,31.0029,31,,1010,1122,,0,0,0,1
1677859868691,1,1010123456002,78,,0,0,0,1,0,,8.57143,112,0,0.685696,32,0,6,,14.7931,87,135117,0.824736,25,0,0,32.4067,31,,992,1120,,0,0,0,1
1677859868941,1,1010123456002,78,,0,0,0,1,0,,8.55172,116,0,0.800096,34,0,6,,15.8378,148,0,2.30486,43,0,0,30.2144,31,,1069,1216,,0,0,0,1
1677859869191,1,1010123456002,78,,0,0,0,1,0,,9.14286,112,0,0.718208,31,0,6,,15.7949,117,0,1.76141,34,0,0,30.2879,31,,1065,1161,,0,0,0,1
1677859869441,1,1010123456002,78,,0,0,0,1,0,,8.28682,129,0,0.833952,37,0,6,,15.5484,93,0,1.24214,27,0,0,30.8311,31,,1132,1243,,0,0,0,1
1677859869691,1,1010123456002,78,,0,0,0,1,0,,8.725,120,0,0.744096,33,0,6,,15.0972,72,135117,0.74128,21,0,0,32.1994,31,,1116,1217,,0,0,0,1
1677859869941,1,1010123456002,78,,0,0,0,1,0,,9.29204,113,0,0.7872,33,0,6,,15.8378,148,0,2.30794,43,0,0,30.2433,31,,1112,1169,,0,0,0,1
1677859870191,1,1010123456002,78,,0,0,0,1,0,,9.00794,126,0,0.813952,36,0,6,,15.09,100,0,1.23146,29,0,0,31.3469,31,,1126,1209,,0,0,0,1
1677859870441,1,1010123456002,78,,0,0,0,1,0,,8.75472,159,0,0.871232,46,0,6,,15.5472,106,0,1.3112,31,0,0,31.2755,31,,1249,1315,,0,0,0,1
1677859870691,1,1010123456002,78,,0,0,0,1,0,,8.99083,109,315,0.747424,31,0,6,,15.1053,76,135117,0.767936,22,0,0,31.9132,31,,1137,1199,,0,0,0,1
1677859870941,1,1010123456002,78,,0,0,0,1,0,,8.48667,150,0,0.852096,42,0,6,,15.442,138,0,1.84371,40,0,0,31.0367,31,,1219,1307,,0,0,0,1
1677859871191,1,1010123456002,78,,0,0,0,1,0,,9.28205,117,0,0.830176,34,0,6,,15.5512,127,0,1.80918,37,0,0,30.6561,31,,1146,1199,,0,0,0,1
1677859871441,1,1010123456002,78,,0,0,0,1,0,,9.35075,134,0,0.842624,38,0,6,,15.6042,96,0,1.27597,28,0,0,31.0298,31,,1225,1272,,0,0,0,1
1677859871691,1,1010123456002,78,,0,0,0,1,0,,10.2184,87,0,0.78624,25,0,6,,15.728,125,0,1.78637,36,0,0,30.4951,31,,1134,1163,,0,0,0,1
1677859871941,1,1010123456002,78,,0,0,0,1,0,,9.72308,130,505,0.984736,35,0,6,,15.6719,128,0,1.79018,37,0,0,30.6894,31,,1501,1561,,0,0,0,1
1677859872191,1,1010123456002,78,,0,0,0,1,0,,7.89437,142,0,0.850688,42,0,5.85714,,15.1776,107,0,1.31648,31,0,0,31.4367,31,,1306,1394,,0,0,0,1
1677859872441,1,1010123456002,78,,0,0,0,1,0,,7.73109,119,0,0.67504,35,0,5.83333,,15.1519,79,0,0.822272,23,0,0,31.7412,31,,968,1066,,0,0,0,1
1677859872691,1,1010123456002,78,,0,0,0,1,0,,8.49206,126,0,0.645952,34,0,6,,14.6098,41,135117,0.23392,12,0,0,33.0741,31,,968,1062,,0,0,0,1
1677859872941,1,1010123456002,78,,0,0,0,1,0,,8.4908,163,0,0.982016,48,0,6,,15.6012,163,0,2.34778,47,0,0,30.7127,31,,1382,1516,,0,0,0,1
1677859873191,1,1010123456002,78,,0,0,0,1,0,,8.33333,117,0,0.716608,34,0,6,,15.6855,124,0,1.8121,36,0,0,30.4413,31,,1072,1240,,0,0,0,1
1677859873441,1,1010123456002,78,,0,0,0,1,0,,8.40625,128,0,0.719584,39,0,6,,15.5649,131,0,1.81581,38,0,0,30.8121,31,,936,1061,,0,0,0,1
1677859873691,1,1010123456002,78,,0,0,0,1,0,,8.30952,126,0,0.68672,35,0,6,,15.1404,114,0,1.33312,33,0,0,31.6759,31,,993,1125,,0,0,0,1
1677859873941,1,1010123456002,78,,0,0,0,1,0,,8.12598,127,0,0.709056,38,0,6,,15.8291,117,0,1.79194,34,0,0,30.2844,31,,1004,1170,,0,0,0,1
1677859874191,1,1010123456002,78,,0,0,0,1,0,,8.27419,124,0,0.698144,35,0,6.14286,,15.8417,120,0,1.80867,35,0,0,30.3883,31,,1059,1205,,0,0,0,1
1677859874441,1,1010123456002,78,,0,0,0,1,0,,8.41045,134,0,0.734048,39,0,6,,15.4792,96,0,1.30227,28,0,0,30.8937,31,,996,1143,,0,0,0,1
1677859874691,1,1010123456002,78,,0,0,0,1,0,,8.61111,126,0,0.746944,36,0,6,,15.5806,93,135117,1.28042,27,0,0,30.5474,31,,1088,1192,,0,0,0,1
1677859874941,1,1010123456002,78,,0,0,0,1,0,,8.35246,122,0,0.718912,35,0,6,,15.7848,158,0,2.35968,46,0,0,30.3913,31,,1064,1182,,0,0,0,1
1677859875191,1,1010123456002,78,,0,0,0,1,0,,8.55172,116,0,0.751008,33,0,6,,14.8214,56,0,0.472064,16,0,0,32.6652,31,,1064,1194,,0,0,0,1
1677859875441,1,1010123456002,78,,0,0,0,1,0,,8.36364,121,0,0.806752,37,0,6,,15.6132,106,0,1.38688,31,0,0,31.1133,31,,1077,1261,,0,0,0,1
1677859875691,1,1010123456002,78,,0,0,0,1,0,,8.90291,103,0,0.685056,30,0,6,,15.4,110,0,1.41779,32,0,0,31.1093,31,,967,1079,,0,0,0,1
1677859875941,1,1010123456002,78,,0,0,0,1,0,,8.22137,131,0,0.819776,37,0,6,,15.3289,76,0,0.930304,22,0,0,31.3084,31,,1157,1291,,0,0,0,1
1677859876191,1,1010123456002,78,,0,0,0,1,0,,8.55752,113,899,0.711328,32,0,6,,15.3909,110,0,1.44237,32,0,0,31.04,31,,1061,1162,,0,0,0,1
1677859876441,1,1010123456002,78,,0,0,0,1,0,,9.075,120,0,0.828032,35,0,6,,15.6893,103,0,1.46342,30,0,0,30.6852,31,,1132,1226,,0,0,0,1
1677859876691,1,1010123456002,78,,0,0,0,1,0,,8.728,125,0,0.720672,33,0,6,,15.5155,97,0,1.34826,28,0,0,30.7153,31,,1062,1173,,0,0,0,1
1677859876941,1,1010123456002,78,,0,0,0,1,0,,8.52174,138,0,0.832672,41,0,6,,15.2805,82,0,0.935456,24,0,0,31.6571,31,,1154,1262,,0,0,0,1
1677859877191,1,1010123456002,78,,0,0,0,1,0,,8.76744,129,0,0.778016,35,0,6,,15.1837,49,0,0.481024,15,0,0,32.1917,31,,1141,1255,,0,0,0,1
1677859877441,1,1010123456002,78,,0,0,0,1,0,,8.90978,133,0,0.827584,38,0,6,,15.5392,102,0,1.41997,30,0,0,30.8519,31,,1165,1220,,0,0,0,1
1677859877691,1,1010123456002,78,,0,0,0,1,0,,9.0625,128,0,0.818688,38,0,6,,15.66,100,0,1.39683,29,0,0,30.6838,31,,1164,1244,,0,0,0,1
1677859877941,1,1010123456002,78,,0,0,0,1,0,,8.71429,126,0,0.818016,35,0,6,,14.7917,48,0,0.399648,14,0,0,32.6179,31,,1183,1288,,0,0,0,1
1677859878191,1,1010123456002,78,,0,0,0,1,0,,8.576,125,0,0.75856,35,0,6,,15.6566,99,0,1.42326,29,0,0,30.6903,31,,1082,1188,,0,0,0,1
1677859878441,1,1010123456002,78,,0,0,0,1,0,,8.5098,153,0,0.843776,43,0,6,,14.614,57,0,0.461728,17,0,0,32.7324,31,,1284,1359,,0,0,0,1
1677859878691,1,1010123456002,78,,0,0,0,1,0,,8.75758,165,0,0.85312,46,0,6,,15.7266,128,0,1.93923,37,0,0,30.4632,31,,1246,1318,,0,0,0,1
1677859878941,1,1010123456002,78,,0,0,0,1,0,,8.76,150,0,0.866016,45,0,6,,14.7912,91,0,0.970688,26,0,0,31.8981,31,,1188,1247,,0,0,0,1
1677859879191,1,1010123456002,78,,0,0,0,1,0,,8.81395,129,0,0.74896,36,0,6,,15.6957,138,0,1.99536,40,0,0,30.4747,31,,1135,1205,,0,0,0,1
1677859879441,1,1010123456002,78,,0,0,0,1,0,,8.22078,154,0,0.87088,44,0,6,,15.3176,85,0,1.03594,25,0,0,31.4386,31,,1236,1300,,0,0,0,1
1677859879691,1,1010123456002,78,,0,0,0,1,0,,8.84507,142,157,0.806624,40,0,6,,15.2561,82,0,0.914528,24,0,0,31.7505,31,,1286,1342,,0,0,0,1
1677859879941,1,1010123456002,78,,0,0,0,1,0,,9.05036,139,0,0.884,41,0,6,,15.6364,99,0,1.36314,29,0,0,30.8119,31,,1218,1276,,0,0,0,1
1677859880191,1,1010123456002,78,,0,0,0,1,0,,8.34228,149,0,0.815776,42,0,6,,15.45,100,0,1.33101,29,0,0,30.8261,31,,1219,1280,,0,0,0,1
1677859880441,1,1010123456002,78,,0,0,0,1,0,,9.04575,153,0,0.909536,45,0,6.16667,,15.2661,109,0,1.34026,32,0,0,31.4184,31,,1255,1282,,0,0,0,1
1677859880691,1,1010123456002,78,,0,0,0,1,0,,8.77124,153,17,0.82704,40,0,6,,15.7527,93,0,1.32173,27,0,0,30.5806,31,,1308,1341,,0,0,0,1
1677859880941,1,1010123456002,78,,0,0,0,1,0,,8.68293,164,0,0.85776,50,0,6,,15.5547,128,0,1.81296,37,0,0,30.647,31,,1225,1263,,0,0,0,1
1677859881191,1,1010123456002,78,,0,0,0,1,0,,8.73563,174,0,0.912896,50,0,6,,15.4038,104,0,1.33245,30,0,0,31.2376,31,,1340,1393,,0,0,0,1
1677859881441,1,1010123456002,78,,0,0,0,1,0,,8.33129,163,0,0.8976,48,0,6,,15.8211,123,0,1.85462,36,0,0,30.3838,31,,1232,1292,,0,0,0,1
1677859881691,1,1010123456002,78,,0,0,0,1,0,,9.04348,138,0,0.810752,37,0,6,,15.0435,69,135117,0.769184,20,0,0,31.6477,31,,1238,1303,,0,0,0,1
1677859881941,1,1010123456002,78,,0,0,0,1,0,,8.53933,178,0,0.971488,50,0,6,,15.8083,120,0,1.84941,35,0,0,30.2299,31,,1411,1502,,0,0,0,1
1677859882191,1,1010123456002,78,,0,0,0,1,0,,8.08861,158,0,0.848384,46,0,6,,15.5625,96,0,1.31485,28,0,0,30.8137,31,,1287,1353,,0,0,0,1
1677859882441,1,1010123456002,78,,0,0,0,1,0,,8.79699,133,0,1.02989,39,0,6,,15.6667,99,0,1.34323,29,0,0,30.8209,31,,1441,1561,,0,0,0,1
1677859882691,1,1010123456002,78,,0,0,0,1,0,,8.63522,159,1235,0.92832,44,0,6,,15.3551,107,0,1.40931,31,0,0,30.9444,31,,1421,1504,,0,0,0,1
1677859882941,1,1010123456002,78,,0,0,0,1,0,,9.01744,172,0,1.11555,50,0,6,,15.3551,107,0,1.35542,31,0,0,31.2036,31,,1484,1577,,0,0,0,1
1677859883191,1,1010123456002,78,,0,0,0,1,0,,8.55029,169,0,0.96064,48,0,6.14286,,15.5781,128,0,1.83776,37,0,0,30.6145,31,,1389,1494,,0,0,0,1
1677859883441,1,1010123456002,78,,0,0,0,1,0,,9.27225,191,0,1.29277,53,0,6,,15.8211,123,0,1.83936,36,0,0,30.4624,31,,1887,1963,,0,0,0,1
1677859883691,1,1010123456002,78,,0,0,0,1,0,,9.14881,168,0,1.05792,50,0,6,,15.4904,104,0,1.33107,30,0,0,31.0365,31,,1554,1610,,0,0,0,1
1677859883941,1,1010123456002,78,,0,0,0,1,0,,9,166,0,1.05798,48,0,6,,15.2368,114,0,1.33936,33,0,0,31.6046,31,,1506,1585,,0,0,0,1
1677859884191,1,1010123456002,78,,0,0,0,1,0,,9.14599,137,0,0.966176,40,0,6,,15.8211,123,0,1.85386,36,0,0,30.2565,31,,1394,1469,,0,0,0,1
1677859884441,1,1010123456002,78,,0,0,0,1,0,,8.81977,172,0,1.08982,49,0,6,,15.5631,103,0,1.34378,30,0,0,31.0204,31,,1590,1664,,0,0,0,1
1677859884691,1,1010123456002,78,,0,0,0,1,0,,9.19653,173,0,1.1449,50,0,6,,15.495,101,0,1.29616,29,0,0,31.0833,31,,1653,1721,,0,0,0,1
1677859884941,1,1010123456002,78,,0,0,0,1,0,,8.67539,191,0,1.15837,53,0,6,,15.3654,104,0,1.36282,30,0,0,31.1135,31,,1699,1768,,0,0,0,1
1677859885191,1,1010123456002,78,,0,0,0,1,0,,8.7931,174,0,1.1296,50,0,6,,15.6641,128,0,1.84867,37,0,0,30.464,31,,1637,1697,,0,0,0,1
1677859885441,1,1010123456002,78,,0,0,0,1,0,,9.54857,175,125,1.24608,50,0,6,,15.1818,110,0,1.32243,32,0,0,31.5762,31,,1826,1876,,0,0,0,1
1677859885691,1,1010123456002,78,,0,0,0,1,0,,9.11111,180,0,1.09373,49,0,6,,15.4742,97,135117,1.3121,28,0,0,30.8703,31,,1689,1744,,0,0,0,1
1677859885941,1,1010123456002,78,,0,0,0,1,0,,7.85377,212,0,1.25667,63,0,5.66667,,15.495,101,0,1.34752,29,0,0,30.8332,31,,1982,2035,,0,0,0,1
1677859886191,1,1010123456002,78,,0,0,0,1,0,,8.58537,205,0,1.15658,56,0,6,,15.7008,127,0,1.85773,37,0,0,30.5004,31,,1809,1857,,0,0,0,1
1677859886441,1,1010123456002,78,,0,0,0,1,0,,8.60633,221,0,1.43382,66,0,6,,15.2613,111,0,1.35334,32,0,0,31.391,31,,1999,2061,,0,0,0,1
1677859886691,1,1010123456002,78,,0,0,0,1,0,,9.1005,199,0,1.28698,54,0,6,,15.4861,72,135117,0.802976,21,0,0,31.4585,31,,1983,2030,,0,0,0,1
1677859886941,1,1010123456002,78,,0,0,0,1,0,,8.832,250,0,1.58989,74,0,6,,15.3288,146,0,1.89123,42,0,0,31.1577,31,,2224,2318,,0,0,0,1
1677859887191,1,1010123456002,78,,0,0,0,1,0,,8.71493,221,0,1.3649,63,0,5.85714,,15.6042,96,0,1.32323,28,0,0,30.8365,31,,2143,2206,,0,0,0,1
1677859887441,1,1010123456002,78,,0,0,0,1,0,,9.68421,209,0,1.44614,58,0,6,,15.4854,103,0,1.34957,30,0,0,31.0099,31,,2155,2242,,0,0,0,1
1677859887691,1,1010123456002,78,,0,0,0,1,0,,9.43721,215,0,1.43795,60,0,6,,15.6889,90,135117,1.29619,26,0,0,30.4407,31,,2045,2116,,0,0,0,1
1677859887941,1,1010123456002,78,,0,0,0,1,0,,9.5297,202,0,1.4847,60,0,6,,15.6439,132,0,1.85568,38,0,0,30.8013,31,,2089,2144,,0,0,0,1
1677859888191,1,1010123456002,78,,0,0,0,1,0,,9.73446,177,0,1.35533,52,0,6,,15.7283,92,0,1.35069,27,0,0,30.5191,31,,1963,2020,,0,0,0,1
1677859888441,1,1010123456002,78,,0,0,0,1,0,,9.91364,220,0,1.66909,61,0,6,,15.2613,111,0,1.39101,32,0,0,31.3446,31,,2439,2477,,0,0,0,1
1677859888691,1,1010123456002,78,,0,0,0,1,0,,8.87636,275,0,1.55203,77,0,6,,15.2174,69,0,0.790048,20,0,0,31.5261,31,,2378,2415,,0,0,0,1
1677859888941,1,1010123456002,78,,0,0,0,1,0,,8.75373,268,0,1.63459,76,0,6,,15.5704,135,0,1.86294,39,0,0,30.7778,31,,2391,2446,,0,0,0,1
1677859889191,1,1010123456002,78,,0,0,0,1,0,,8.98106,264,161,1.66362,76,0,6,,15.2273,110,0,1.34474,32,0,0,31.5917,31,,2418,2503,,0,0,0,1
1677859889441,1,1010123456002,78,,0,0,0,1,0,,9.18421,266,0,1.68749,78,0,6,,15.4231,104,0,1.33011,30,0,0,31.2254,31,,2447,2497,,0,0,0,1
1677859889691,1,1010123456002,78,,0,0,0,1,0,,9.25092,271,0,1.6783,76,0,6,,15.806,134,0,1.97034,39,0,0,30.3967,31,,2505,2564,,0,0,0,1
1677859889941,1,1010123456002,78,,0,0,0,1,0,,9.35887,248,0,1.71174,72,0,6,,15.4327,104,0,1.36205,30,0,0,31.043,31,,2429,2499,,0,0,0,1
1677859890191,1,1010123456002,78,,0,0,0,1,0,,9.30712,267,0,1.71382,73,0,6,,15.0395,76,0,0.834912,22,0,0,31.7184,31,,2594,2676,,0,0,0,1
1677859890441,1,1010123456002,78,,0,0,0,1,0,,9.23024,291,0,1.79856,84,0,6,,14.28,50,0,0.271264,15,0,0,33.8019,31,,2629,2694,,0,0,0,1
1677859890691,1,1010123456002,78,,0,0,0,1,0,,8.74733,281,153,1.86067,82,0,6,,15.3904,146,0,1.95894,42,0,0,30.9384,31,,2736,2796,,0,0,0,1
1677859890941,1,1010123456002,78,,0,0,0,1,0,,9.0239,251,0,1.7247,73,0,6,,15.4268,82,0,0.943968,24,0,0,31.7581,31,,2477,2520,,0,0,0,1
1677859891191,1,1010123456002,78,,0,0,0,1,0,,8.96202,316,0,1.87053,86,0,6,,15.7177,124,0,1.85517,36,0,0,30.4399,31,,2914,2982,,0,0,0,1
1677859891441,1,1010123456002,78,,0,0,0,1,0,,9.11635,318,177,1.99779,94,0,6,,14.88,75,0,0.823616,22,0,0,31.9848,31,,2850,2904,,0,0,0,1
1677859891691,1,1010123456002,78,,0,0,0,1,0,,9.01149,348,213,1.95885,94,0,6,,15.55,100,0,1.42214,29,0,0,30.7378,31,,3103,3184,,0,0,0,1
1677859891941,1,1010123456002,78,,0,0,0,1,0,,9.78689,305,0,2.25277,92,0,6.33333,,15.6385,130,0,1.85683,38,0,0,30.7486,31,,2870,3057,,0,0,0,1
1677859892191,1,1010123456002,78,,0,0,0,1,0,,9.44151,265,0,1.91699,79,0,6,,15.7157,102,0,1.39149,30,0,0,30.6776,31,,2764,2811,,0,0,0,1
1677859892441,1,1010123456002,78,,0,0,0,1,0,,8.97742,310,0,1.96707,89,0,6,,15.1495,107,0,1.33229,31,0,0,31.4043,31,,2898,2997,,0,0,0,1
1677859892691,1,1010123456002,78,,0,0,0,1,0,,9.27972,286,0,1.80922,82,0,6,,14.988,83,135117,0.904256,24,0,0,31.8163,31,,2664,2730,,0,0,0,1
1677859892941,1,1010123456002,78,,0,0,0,1,0,,9.35294,289,0,1.92426,81,0,6,,15.5,134,0,1.89782,39,0,0,30.6076,31,,2929,3016,,0,0,0,1
1677859893191,1,1010123456002,78,,0,0,0,1,0,,8.9528,339,0,2.1392,96,0,5.85714,,15.61,100,0,1.35827,29,0,0,30.7882,31,,3335,3407,,0,0,0,1
1677859893441,1,1010123456002,78,,0,0,0,1,0,,8.69492,295,0,2.0064,85,0,5.83333,,15.8017,121,0,1.8431,35,0,0,30.248,31,,3033,3107,,0,0,0,1
1677859893691,1,1010123456002,78,,0,0,0,1,0,,9.08941,302,0,2.01238,89,0,6,,15.8222,90,135117,1.36634,26,0,0,30.217,31,,2917,2968,,0,0,0,1
1677859893941,1,1010123456002,78,,0,0,0,1,0,,9.27844,334,0,2.10861,94,0,6,,15.7044,159,0,2.39059,46,0,0,30.4439,31,,3168,3237,,0,0,0,1
1677859894191,1,1010123456002,78,,0,0,0,1,0,,9.03774,318,0,2.0423,90,0,6,,15.3467,75,0,0.862752,22,0,0,31.6029,31,,3025,3096,,0,0,0,1
1677859894441,1,1010123456002,78,,0,0,0,1,0,,9.5,294,0,2.00605,86,0,6,,15.1744,86,0,0.894784,25,0,0,31.8322,31,,2950,2997,,0,0,0,1
1677859894691,1,1010123456002,78,,0,0,0,1,0,,9.19632,326,123,1.98394,90,0,6,,15.6953,128,0,1.84458,37,0,0,30.6007,31,,3031,3097,,0,0,0,1
1677859894941,1,1010123456002,78,,0,0,0,1,0,,9.44776,268,0,1.91168,79,0,6,,15.6021,93,0,1.32557,27,0,0,30.6773,31,,2686,2740,,0,0,0,1
1677859895191,1,1010123456002,78,,0,0,0,1,0,,9.125,328,0,1.89261,94,0,6,,15.8226,124,0,1.86662,36,0,0,30.3388,31,,2764,2839,,0,0,0,1
1677859895441,1,1010123456002,78,,0,0,0,1,0,,9.15805,329,0,2.12515,93,0,5.83333,,15.32,75,0,0.887552,22,0,0,31.3035,31,,3219,3330,,0,0,0,1
1677859895691,1,1010123456002,78,,0,0,0,1,0,,9.6873,307,0,2.01302,85,0,6,,15.8222,90,0,1.34349,26,0,0,30.2605,31,,3103,3137,,0,0,0,1
1677859895941,1,1010123456002,78,,0,0,0,1,0,,9.36458,288,0,2.072,86,0,6,,15.3448,116,0,1.47005,34,0,0,31.3975,31,,2850,2921,,0,0,0,1
1677859896191,1,1010123456002,78,,0,0,0,1,0,,8.87087,333,217,2.05091,94,0,6,,15.792,125,0,1.87088,36,0,0,30.229,31,,3078,3161,,0,0,0,1
1677859896441,1,1010123456002,78,,0,0,0,1,0,,9.23549,310,0,2.00749,85,0,6,,15.752,125,0,1.86368,36,0,0,30.2965,31,,3084,3149,,0,0,0,1
1677859896691,1,1010123456002,78,,0,0,0,1,0,,9.01707,293,0,2.10086,88,0,6,,14.5682,44,135117,0.368736,13,0,0,32.8294,31,,3002,3066,,0,0,0,1
1677859896941,1,1010123456002,78,,0,0,0,1,0,,9.38488,291,0,1.97914,84,0,6,,15.2035,113,0,1.39757,33,0,0,31.2458,31,,2863,2904,,0,0,0,1
1677859897191,1,1010123456002,78,,0,0,0,1,0,,9.1322,295,0,1.99904,82,0,5.85714,,15.688,125,0,1.86086,36,0,0,30.3393,31,,3233,3295,,0,0,0,1
1677859897441,1,1010123456002,78,,0,0,0,1,0,,9.26224,286,0,2.02269,84,0,6,,15.5208,96,0,1.27517,28,0,0,31.0355,31,,2854,2934,,0,0,0,1
1677859897691,1,1010123456002,78,,0,0,0,1,0,,9.37801,291,0,1.8993,81,0,6,,15.0111,90,0,0.964576,26,0,0,31.6965,31,,2924,2991,,0,0,0,1
1677859897941,1,1010123456002,78,,0,0,0,1,0,,9.12585,294,0,2.08026,88,0,6,,15.7935,92,0,1.3735,27,0,0,30.3756,31,,2904,2982,,0,0,0,1
1677859898191,1,1010123456002,78,,0,0,0,1,0,,9.36177,293,0,1.91181,79,0,6,,15.6406,128,0,1.84371,37,0,0,30.5375,31,,3001,3071,,0,0,0,1
1677859898441,1,1010123456002,78,,0,0,0,1,0,,9.07973,301,0,2.10675,90,0,6,,15.3491,106,0,1.36358,31,0,0,31.1067,31,,2966,3012,,0,0,0,1
1677859898691,1,1010123456002,78,,0,0,0,1,0,,9.77174,276,0,2.01341,77,0,6,,15.5258,97,0,1.32781,28,0,0,30.6899,31,,3039,3097,,0,0,0,1
1677859898941,1,1010123456002,78,,0,0,0,1,0,,9.52234,291,0,2.08672,86,0,6,,15.6,135,0,1.89069,39,0,0,30.656,31,,2944,2999,,0,0,0,1
1677859899191,1,1010123456002,78,,0,0,0,1,0,,9.53618,304,0,2.08973,83,0,6,,15.6875,96,0,1.34995,28,0,0,30.6732,31,,3158,3245,,0,0,0,1
1677859899441,1,1010123456002,78,,0,0,0,1,0,,9.30483,269,0,1.92557,79,0,6,,15.6,90,0,1.24998,26,0,0,30.6505,31,,2750,2785,,0,0,0,1
1677859899691,1,1010123456002,78,,0,0,0,1,0,,9.34343,297,1540,2.04685,83,0,6,,15.4727,110,0,1.43462,32,0,0,31.0269,31,,3092,3155,,0,0,0,1
1677859899941,1,1010123456002,78,,0,0,0,1,0,,9.16028,287,0,1.98336,85,0,6,,15.7823,124,0,1.86758,36,0,0,30.4367,31,,2767,2833,,0,0,0,1
1677859900191,1,1010123456002,78,,0,0,0,1,0,,9.85128,195,0,1.50986,55,0,6,,15.5192,104,0,1.38026,30,0,0,30.9299,31,,2213,2245,,0,0,0,1
1677859900441,1,1010123456002,78,,0,0,0,1,0,,10.0438,274,0,2.21075,76,0,6,,15.6378,127,0,1.87318,37,0,0,30.6232,31,,3349,3361,,0,0,0,1
1677859900691,1,1010123456002,78,,0,0,0,1,0,,9.41329,271,0,2.03514,77,0,6,,15.754,126,0,1.82669,36,0,0,30.4349,31,,2964,3013,,0,0,0,1
1677859900941,1,1010123456002,78,,0,0,0,1,0,,9.72897,214,0,1.68797,63,0,6,,15.7957,93,0,1.41059,27,0,0,30.2952,31,,2356,2398,,0,0,0,1
1677859901191,1,1010123456002,78,,0,0,0,1,0,,10.1627,252,207,2.16253,72,0,6,,15.466,103,0,1.36563,30,0,0,31.0893,31,,3203,3237,,0,0,0,1
1677859901441,1,1010123456002,78,,0,0,0,1,0,,10.4317,183,2214,1.64634,52,0,6,,14.5,62,0,0.372416,18,0,0,33.4917,31,,2397,2414,,0,0,0,1
1677859901691,1,1010123456002,78,,0,0,0,1,0,,10.2474,287,2827,2.28762,77,0,6,,15.5253,99,0,1.38509,29,0,0,30.7356,31,,3571,3586,,0,0,0,1
1677859901941,1,1010123456002,78,,0,0,0,1,0,,9.81604,212,0,1.8079,65,0,6,,15.422,109,0,1.436,32,0,0,31.149,31,,2407,2453,,0,0,0,1
1677859902191,1,1010123456002,78,,0,0,0,1,0,,9.8898,245,0,1.85686,68,0,6,,15.3067,75,0,0.910624,22,0,0,31.2496,31,,2801,2822,,0,0,0,1
1677859902441,1,1010123456002,78,,0,0,0,1,0,,9.60166,241,0,1.69734,70,0,6,,15.6794,131,0,1.8912,38,0,0,30.6644,31,,2489,2541,,0,0,0,1
1677859902691,1,1010123456002,78,,0,0,0,1,0,,9.24354,271,0,1.74778,75,0,6,,15.307,114,0,1.38326,33,0,0,31.2761,31,,2694,2765,,0,0,0,1
1677859902941,1,1010123456002,78,,0,0,0,1,0,,9.02344,256,2285,1.66374,74,0,6,,15.42,100,0,1.36266,29,0,0,30.9438,31,,2374,2463,,0,0,0,1
1677859903191,1,1010123456002,78,,0,0,0,1,0,,8.68227,299,0,1.93584,86,0,6,,15.4021,97,0,1.30125,28,0,0,31.0143,31,,2835,2902,,0,0,0,1
1677859903441,1,1010123456002,78,,0,0,0,1,0,,8.91857,307,0,1.91158,88,0,6,,15.4554,112,0,1.45219,33,0,0,30.9644,31,,2738,2811,,0,0,0,1
1677859903691,1,1010123456002,78,,0,0,0,1,0,,8.8587,276,0,1.68166,76,0,6,,15.7101,169,0,2.52838,49,0,0,30.3567,31,,2568,2635,,0,0,0,1
1677859903941,1,1010123456002,78,,0,0,0,1,0,,8.4055,291,0,1.76736,84,0,6,,15.511,137,0,1.80861,39,0,0,30.6977,31,,2538,2594,,0,0,0,1
1677859904191,1,1010123456002,78,,0,0,0,1,0,,9.17563,279,121,1.79286,79,0,6,,15.6978,139,0,2.01802,40,0,0,30.4669,31,,2672,2732,,0,0,0,1
1677859904441,1,1010123456002,78,,0,0,0,1,0,,8.75188,266,0,1.8143,78,0,5.83333,,15.6058,137,0,1.95549,40,0,0,30.7108,31,,2781,2836,,0,0,0,1
1677859904691,1,1010123456002,78,,0,0,0,1,0,,7.9764,339,159,1.82352,93,0,5.83333,,15.6848,184,0,2.74458,53,0,0,30.4907,31,,3026,3111,,0,0,0,1
1677859904941,1,1010123456002,78,,0,0,0,1,0,,8.96679,271,0,1.79779,82,0,6,,15.5385,117,16507,1.64704,34,0,0,30.7642,31,,2494,2562,,0,0,0,1
1677859905191,1,1010123456002,78,,0,0,0,1,0,,9.2089,292,127,1.78038,80,0,6,,15.6894,132,0,1.87651,38,0,0,30.5228,31,,2738,2801,,0,0,0,1
1677859905441,1,1010123456002,78,,0,0,0,1,0,,9.11071,280,0,1.81645,84,0,6,,15.649,151,0,2.1504,44,0,0,30.5903,31,,2581,2647,,0,0,0,1
1677859905691,1,1010123456002,78,,0,0,0,1,0,,8.91693,313,0,1.8479,85,0,6,,15.0851,94,135117,1.08733,27,0,0,31.4837,31,,2822,2898,,0,0,0,1
1677859905941,1,1010123456002,78,,0,0,0,1,0,,8.64333,300,0,1.76669,90,0,6,,15.6747,166,0,2.41702,48,0,0,30.5749,31,,2507,2572,,0,0,0,1
1677859906191,1,1010123456002,78,,0,0,0,1,0,,9.43841,276,407,1.84029,78,0,6,,15.4513,113,0,1.45584,33,0,0,31.0738,31,,2853,2888,,0,0,0,1
1677859906441,1,1010123456002,78,,0,0,0,1,0,,8.87162,296,101,1.71558,83,0,6,,15.633,109,0,1.49949,32,0,0,30.7634,31,,2592,2636,,0,0,0,1
1677859906691,1,1010123456002,78,,0,0,0,1,0,,8.9244,291,0,1.82122,84,0,6,,15.4211,114,0,1.55821,33,0,0,30.6308,31,,2627,2686,,0,0,0,1
1677859906941,1,1010123456002,78,,0,0,0,1,0,,9.28151,238,0,1.59187,70,0,6,,15.504,125,826,1.65514,36,0,0,30.9797,31,,2345,2384,,0,0,0,1
1677859907191,1,1010123456002,78,,0,0,0,1,0,,8.91445,339,0,2.04234,95,0,6,,15.2574,101,0,1.16586,29,0,0,31.4371,31,,3095,3148,,0,0,0,1
1677859907441,1,1010123456002,78,,0,0,0,1,0,,8.97351,302,151,1.8343,87,0,6,,15.4295,149,435,2.06141,43,0,0,30.6681,31,,2659,2735,,0,0,0,1
1677859907691,1,1010123456002,78,,0,0,0,1,0,,8.99365,315,0,1.84534,89,0,6,,15.5849,159,0,2.23942,46,0,0,30.662,31,,2698,2771,,0,0,0,1
1677859907941,1,1010123456002,78,,0,0,0,1,0,,8.71698,318,0,1.78886,89,0,6,,15.4586,133,0,1.79085,39,0,0,30.9819,31,,2679,2775,,0,0,0,1
1677859908191,1,1010123456002,78,,0,0,0,1,0,,9.26259,278,0,1.95949,83,0,6,,15.4465,159,0,2.21274,46,0,0,30.7195,31,,2686,2753,,0,0,0,1
1677859908441,1,1010123456002,78,,0,0,0,1,0,,8.79928,279,0,1.69242,80,0,6,,15.4054,111,0,1.37184,33,0,0,31.0992,31,,2478,2516,,0,0,0,1
1677859908691,1,1010123456002,78,,0,0,0,1,0,,9.5516,281,0,1.9727,79,0,6,,15.39,100,0,1.28234,29,0,0,30.9405,31,,2885,2944,,0,0,0,1
1677859908941,1,1010123456002,78,,0,0,0,1,0,,9.19861,287,0,1.76579,82,0,6,,15.4341,129,0,1.72387,37,0,0,30.8729,31,,2658,2725,,0,0,0,1
1677859909191,1,1010123456002,78,,0,0,0,1,0,,9.28667,300,1251,2.00336,87,0,6,,15.5038,131,0,1.77469,38,0,0,30.8382,31,,2966,3058,,0,0,0,1
1677859909441,1,1010123456002,78,,0,0,0,1,0,,8.83871,279,0,1.81126,76,0,6,,15.0168,119,0,1.35482,35,0,0,31.6194,31,,2709,2771,,0,0,0,1
1677859909691,1,1010123456002,78,,0,0,0,1,0,,8.60194,309,0,1.79498,89,0,5.83333,,15.4872,156,0,2.00003,45,0,0,31.2406,31,,2810,2906,,0,0,0,1
1677859909941,1,1010123456002,78,,0,0,0,1,0,,9.35036,274,0,1.85683,78,0,6,,15.7737,190,0,2.83056,55,0,0,30.2855,31,,2755,2818,,0,0,0,1
1677859910191,1,1010123456002,78,,0,0,0,1,0,,9.15488,297,1464,1.92707,85,0,6,,15.6182,165,0,2.38659,48,0,0,30.6185,31,,2872,2917,,0,0,0,1
1677859910441,1,1010123456002,78,,0,0,0,1,0,,8.84985,333,0,1.88829,95,0,6,,15.5396,139,0,1.86387,40,0,0,30.7963,31,,2763,2849,,0,0,0,1
1677859910691,1,1010123456002,78,,0,0,0,1,0,,8.96875,320,0,1.89798,94,0,6,,15.3946,147,135117,2.06128,42,0,0,30.6219,31,,2750,2829,,0,0,0,1
1677859910941,1,1010123456002,78,,0,0,0,1,0,,9.01316,304,0,1.84781,86,0,6,,15.5473,148,0,2.05501,43,0,0,30.8234,31,,2732,2780,,0,0,0,1
1677859911191,1,1010123456002,78,,0,0,0,1,0,,9.20423,284,0,1.85136,83,0,6.14286,,15.5273,110,0,1.47856,32,0,0,30.716,31,,2627,2724,,0,0,0,1
1677859911441,1,1010123456002,78,,0,0,0,1,0,,8.98769,325,0,1.93747,90,0,6,,15.7651,166,0,2.43328,48,0,0,30.4491,31,,2934,3011,,0,0,0,1
1677859911691,1,1010123456002,78,,0,0,0,1,0,,9.42308,312,0,2.0687,91,0,6,,15.4779,113,135117,1.48426,33,0,0,31.0608,31,,3016,3076,,0,0,0,1
1677859911941,1,1010123456002,78,,0,0,0,1,0,,8.96508,315,0,2.07651,92,0,6,,15.6867,150,0,2.11706,43,0,0,30.6027,31,,2955,3051,,0,0,0,1
1677859912191,1,1010123456002,78,,0,0,0,1,0,,9.12063,315,0,1.95469,90,0,6,,15.4758,124,0,1.52522,36,0,0,31.3541,31,,2935,3037,,0,0,0,1
1677859912441,1,1010123456002,78,,0,0,0,1,0,,9.32542,295,0,1.99504,83,0,6,,15.4752,141,0,1.80234,40,0,0,31.0701,31,,2926,2982,,0,0,0,1
1677859912691,1,1010123456002,78,,0,0,0,1,0,,9.28479,309,0,2.07181,88,0,6,,15.3525,122,0,1.59558,35,0,0,31.158,31,,3041,3106,,0,0,0,1
1677859912941,1,1010123456002,78,,0,0,0,1,0,,9.06013,316,1277,1.88669,91,0,6,,15.548,177,0,2.49533,51,0,0,30.6849,31,,2717,2809,,0,0,0,1
1677859913191,1,1010123456002,78,,0,0,0,1,0,,9.42321,293,0,1.94253,82,0,6,,15.6733,202,0,2.87974,59,0,0,30.5661,31,,2994,3076,,0,0,0,1
1677859913441,1,1010123456002,78,,0,0,0,1,0,,9.4927,274,0,1.96541,79,0,6,,15.5594,143,0,1.91165,41,0,0,30.497,31,,2809,2875,,0,0,0,1
1677859913691,1,1010123456002,78,,0,0,0,1,0,,9.17049,305,289,1.94691,87,0,6,,15.7409,193,0,2.77456,55,0,0,30.4259,31,,2922,3018,,0,0,0,1
1677859913941,1,1010123456002,78,,0,0,0,1,0,,9.43885,278,2588,1.90394,80,0,6,,15.0909,121,1552,1.28512,35,0,0,31.4984,31,,2745,2819,,0,0,0,1
1677859914191,1,1010123456002,78,,0,0,0,1,0,,8.76623,308,0,1.91248,89,0,5.85714,,15.0095,105,0,1.14819,30,0,0,31.3048,31,,2952,3045,,0,0,0,1
1677859914441,1,1010123456002,78,,0,0,0,1,0,,9.31046,306,0,2.05155,85,0,6,,15.2019,104,0,1.14637,30,0,0,31.3248,31,,3053,3118,,0,0,0,1
1677859914691,1,1010123456002,78,,0,0,0,1,0,,9.6405,242,0,1.85034,68,0,6,,15.3737,99,0,1.16378,29,0,0,31.2924,31,,2760,2810,,0,0,0,1
1677859914941,1,1010123456002,78,,0,0,0,1,0,,9.75096,261,0,1.9641,73,0,6,,15.6923,104,2127,1.28278,30,0,0,31.1799,31,,2900,2936,,0,0,0,1
1677859915191,1,1010123456002,78,,0,0,0,1,0,,8.93697,238,0,1.86253,73,0,6,,15.0345,145,0,1.77862,42,0,0,31.4481,31,,2574,2600,,0,0,0,1
1677859915441,1,1010123456002,78,,0,0,0,1,0,,9.13355,307,0,2.17734,85,0,5.83333,,15.5068,146,0,1.9271,42,0,0,30.9239,31,,3482,3533,,0,0,0,1
1677859915691,1,1010123456002,78,,0,0,0,1,0,,9.30075,266,0,1.83411,77,0,6,,15.3303,109,0,1.31933,32,0,0,31.0415,31,,2619,2690,,0,0,0,1
1677859915941,1,1010123456002,78,,0,0,0,1,0,,9.71268,355,1282,2.6944,102,0,6,,15.7465,142,0,2.10515,42,0,0,30.5079,31,,4062,4124,,0,0,0,1
1677859916191,1,1010123456002,78,,0,0,0,1,0,,9.43878,294,0,2.00291,81,0,6,,15.4014,147,0,2.02723,42,0,0,30.8405,31,,3020,3075,,0,0,0,1
1677859916441,1,1010123456002,78,,0,0,0,1,0,,9.71084,249,0,2.05546,78,0,6.16667,,15.0144,139,0,1.62918,40,0,0,31.6356,31,,2779,2826,,0,0,0,1
1677859916691,1,1010123456002,78,,0,0,0,1,0,,9.879,281,0,2.13782,78,0,6,,15.3864,132,135117,1.68083,38,0,0,30.9179,31,,3205,3231,,0,0,0,1
1677859916941,1,1010123456002,78,,0,0,0,1,0,,9.42475,299,0,2.05395,88,0,6,,15.5141,177,1132,2.48902,51,0,0,30.6604,31,,2956,3046,,0,0,0,1
1677859917191,1,1010123456002,78,,0,0,0,1,0,,9.81481,297,0,2.33222,84,0,6,,15.4455,101,706,1.17507,29,0,0,31.526,31,,3447,3504,,0,0,0,1
1677859917441,1,1010123456002,78,,0,0,0,1,0,,9.64537,313,0,2.26867,89,0,6,,15.5357,168,0,2.25171,48,0,0,30.8448,31,,3326,3386,,0,0,0,1
1677859917691,1,1010123456002,78,,0,0,0,1,0,,9.19345,336,0,2.14262,97,0,6,,15.367,109,5440,1.35626,32,0,0,31.1043,31,,3154,3226,,0,0,0,1
1677859917941,1,1010123456002,78,,0,0,0,1,0,,9.3284,338,0,2.25507,96,0,6,,15.4815,135,0,1.73274,39,0,0,30.9444,31,,3314,3368,,0,0,0,1
1677859918191,1,1010123456002,78,,0,0,0,1,0,,9.17629,329,111,2.15664,91,0,6,,15.5,134,0,1.82691,39,0,0,30.7359,31,,3352,3426,,0,0,0,1
1677859918441,1,1010123456002,78,,0,0,0,1,0,,9.17906,363,139,2.35443,104,0,6,,15.3852,135,0,1.67978,39,0,0,30.9777,31,,3421,3506,,0,0,0,1
1677859918691,1,1010123456002,78,,0,0,0,1,0,,8.67513,394,0,2.17533,109,0,6,,15.6968,188,135642,2.7479,54,0,0,30.4109,31,,3238,3333,,0,0,0,1
1677859918941,1,1010123456002,78,,0,0,0,1,0,,8.93333,330,0,2.36662,100,0,6,,15.598,199,0,2.86387,57,0,0,30.4093,31,,3306,3387,,0,0,0,1
1677859919191,1,1010123456002,78,,0,0,0,1,0,,9.05053,376,155,2.47408,103,0,6,,15.497,167,0,2.25504,47,0,0,30.6707,31,,3807,3872,,0,0,0,1
1677859919441,1,1010123456002,78,,0,0,0,1,0,,9.15315,333,0,2.30615,96,0,6,,15.7152,165,0,2.47081,48,0,0,30.4137,31,,3238,3315,,0,0,0,1
1677859919691,1,1010123456002,78,,0,0,0,1,0,,9.2911,371,0,2.30803,102,0,6,,15.6221,172,144276,2.43469,49,0,0,30.4436,31,,3567,3634,,0,0,0,1
1677859919941,1,1010123456002,78,,0,0,0,1,0,,8.85185,378,1159,2.49469,111,0,6,,15.7189,185,150000,2.73827,53,0,0,30.3911,31,,3639,3717,,0,0,0,1
1677859920191,1,1010123456002,78,,0,0,0,1,0,,9.17579,347,0,2.40797,100,0,6.14286,,15.6878,205,0,2.9888,59,0,0,30.5699,31,,3386,3452,,0,0,0,1
1677859920441,1,1010123456002,78,,0,0,0,1,0,,9.41888,339,0,2.24986,94,0,6,,15.6131,168,582,2.29306,48,0,0,30.5751,31,,3466,3537,,0,0,0,1
1677859920691,1,1010123456002,78,,0,0,0,1,0,,9.29825,342,0,2.39114,99,0,6,,15.6734,199,0,2.8079,57,0,0,30.6128,31,,3435,3512,,0,0,0,1
1677859920941,1,1010123456002,78,,0,0,0,1,0,,9.70234,299,0,2.18528,84,0,6,,15.7273,176,0,2.56352,51,0,0,30.6282,31,,3248,3309,,0,0,0,1
1677859921191,1,1010123456002,78,,0,0,0,1,0,,9.37288,354,0,2.50189,105,0,6.14286,,15.5942,138,0,1.90259,39,0,0,30.717,31,,3444,3552,,0,0,0,1
1677859921441,1,1010123456002,78,,0,0,0,1,0,,9.04416,385,0,2.4913,110,0,6,,15.6113,247,1107,3.64422,71,0,0,30.4124,31,,3640,3754,,0,0,0,1
1677859921691,1,1010123456002,78,,0,0,0,1,0,,9.54907,377,0,2.66634,106,0,6,,15.7012,164,0,2.34064,47,0,0,30.4252,31,,3942,4031,,0,0,0,1
1677859921941,1,1010123456002,78,,0,0,0,1,0,,9.20968,372,1361,2.57789,110,0,6,,15.521,167,840,2.13808,48,0,0,31.0042,31,,3756,3870,,0,0,0,1
1677859922191,1,1010123456002,78,,0,0,0,1,0,,9.50303,330,0,2.29421,93,0,6,,15.631,168,0,2.32192,49,0,0,30.8075,31,,3403,3448,,0,0,0,1
1677859922441,1,1010123456002,78,,0,0,0,1,0,,9.31015,345,135,2.33117,98,0,6,,15.6914,175,0,2.5553,51,0,0,30.4516,31,,3504,3557,,0,0,0,1
1677859922691,1,1010123456002,78,,0,0,0,1,0,,9.35598,368,0,2.40371,104,0,6,,15.8137,204,0,3.12979,59,0,0,30.1901,31,,3545,3616,,0,0,0,1
1677859922941,1,1010123456002,78,,0,0,0,1,0,,9.29834,362,0,2.27504,100,0,6,,15.6,150,0,1.95584,43,0,0,30.913,31,,3475,3548,,0,0,0,1
1677859923191,1,1010123456002,78,,0,0,0,1,0,,9.45556,360,0,2.55904,106,0,6,,15.6686,169,0,2.39482,48,0,0,30.5496,31,,3698,3759,,0,0,0,1
1677859923441,1,1010123456002,78,,0,0,0,1,0,,8.8005,396,123,2.49728,114,0,6,,15.7176,170,0,2.48224,49,0,0,30.3598,31,,3656,3777,,0,0,0,1
1677859923691,1,1010123456002,78,,0,0,0,1,0,,9.40525,343,0,2.40333,100,0,6,,15.482,139,135117,1.76387,40,0,0,31.0462,31,,3447,3520,,0,0,0,1
1677859923941,1,1010123456002,78,,0,0,0,1,0,,9.08635,359,0,2.41472,102,0,6,,15.4898,147,0,1.93341,43,0,0,31.1142,31,,3580,3668,,0,0,0,1
1677859924191,1,1010123456002,78,,0,0,0,1,0,,9.02479,363,0,2.39901,106,0,6,,15.6942,121,0,1.66339,35,0,0,30.7116,31,,3479,3539,,0,0,0,1
1677859924441,1,1010123456002,78,,0,0,0,1,0,,9.5791,335,319,2.29162,90,0,6,,15.8211,218,0,3.31875,63,0,0,30.2958,31,,3718,3775,,0,0,0,1
1677859924691,1,1010123456002,78,,0,0,0,1,0,,8.97319,373,0,2.59037,111,0,6,,15.6138,145,0,1.9391,42,0,0,30.8811,31,,3522,3611,,0,0,0,1
1677859924941,1,1010123456002,78,,0,0,0,1,0,,9.24784,347,0,2.2823,97,0,6,,15.6476,210,0,3.1641,60,0,0,30.3181,31,,3466,3533,,0,0,0,1
1677859925191,1,1010123456002,78,,0,0,0,1,0,,9.64452,301,0,2.2112,88,0,6,,15.6954,174,0,2.5575,50,0,0,30.3127,31,,3130,3185,,0,0,0,1
1677859925441,1,1010123456002,78,,0,0,0,1,0,,9.09677,341,0,2.24349,99,0,6,,15.491,167,0,2.28845,48,0,0,30.7706,31,,3262,3322,,0,0,0,1
1677859925691,1,1010123456002,78,,0,0,0,1,0,,10.0132,303,155,2.54666,86,0,6,,15.3047,128,135117,1.45485,37,0,0,31.4179,31,,3783,3809,,0,0,0,1
1677859925941,1,1010123456002,78,,0,0,0,1,0,,9.30105,382,0,2.48659,104,0,6,,15.6513,238,455,3.5265,69,0,0,30.5225,31,,3736,3831,,0,0,0,1
1677859926191,1,1010123456002,78,,0,0,0,1,0,,9.1849,384,0,2.56061,113,0,6,,15.697,198,0,2.89709,57,0,0,30.2975,31,,3695,3789,,0,0,0,1
1677859926441,1,1010123456002,78,,0,0,0,1,0,,9.65806,310,1123,2.2527,88,0,6,,15.7386,176,0,2.59053,50,0,0,30.335,31,,3278,3352,,0,0,0,1
1677859926691,1,1010123456002,78,,0,0,0,1,0,,8.6175,400,0,2.35616,112,0,5.83333,,15.7937,189,0,2.84566,54,0,0,30.2223,31,,3844,3943,,0,0,0,1
1677859926941,1,1010123456002,78,,0,0,0,1,0,,9.1017,354,0,2.30848,104,0,6,,15.5301,166,141462,2.22618,48,0,0,30.8571,31,,3222,3277,,0,0,0,1
1677859927191,1,1010123456002,78,,0,0,0,1,0,,9.1618,377,0,2.57443,111,0,6,,15.5156,128,0,1.64691,37,0,0,31.0302,31,,3721,3806,,0,0,0,1
1677859927441,1,1010123456002,78,,0,0,0,1,0,,9.21351,370,0,2.43395,101,0,6,,15.3232,99,0,1.1777,29,0,0,31.2188,31,,3700,3784,,0,0,0,1
1677859927691,1,1010123456002,78,,0,0,0,1,0,,9.08377,382,0,2.48346,110,0,6,,15.2993,137,135117,1.66736,39,0,0,31.1583,31,,3547,3651,,0,0,0,1
1677859927941,1,1010123456002,78,,0,0,0,1,0,,9.20054,369,0,2.34931,104,0,6,,15.6163,172,0,2.47936,50,0,0,30.6963,31,,3561,3654,,0,0,0,1
1677859928191,1,1010123456002,78,,0,0,0,1,0,,9.43513,370,0,2.64822,109,0,6,,15.5412,170,512,2.32163,49,0,0,30.6895,31,,3823,3892,,0,0,0,1
1677859928441,1,1010123456002,78,,0,0,0,1,0,,9.4887,354,1528,2.4727,102,0,6,,15.4357,140,0,1.71645,40,0,0,31.1893,31,,3679,3763,,0,0,0,1
1677859928691,1,1010123456002,78,,0,0,0,1,0,,9.60942,361,0,2.63251,102,0,6,,15.7128,188,0,2.76982,54,0,0,30.2533,31,,3914,3982,,0,0,0,1
1677859928941,1,1010123456002,78,,0,0,0,1,0,,9.48318,327,4413,2.41459,96,0,6,,15.6812,138,0,1.93974,40,0,0,30.506,31,,3498,3579,,0,0,0,1
1677859929191,1,1010123456002,78,,0,0,0,1,0,,9.58523,352,0,2.53683,100,0,6,,15.1705,129,0,1.63376,37,0,0,31.1993,31,,3735,3767,,0,0,0,1
1677859929441,1,1010123456002,78,,0,0,0,1,0,,9.54885,348,0,2.46592,98,0,6,,15.5946,148,0,2.01101,43,0,0,30.9843,31,,3610,3680,,0,0,0,1
1677859929691,1,1010123456002,78,,0,0,0,1,0,,9.73853,436,12522,3.2121,119,0,6,,15.3471,121,0,1.47344,35,0,0,31.2329,31,,5094,5138,,0,0,0,1
1677859929941,1,1010123456002,78,,0,0,0,1,0,,8.74032,439,211,3.2744,128,0,5.83333,,15.1441,111,0,1.30675,32,0,0,31.3497,31,,5080,5150,,0,0,0,1
1677859930191,1,1010123456002,78,,0,0,0,1,0,,10.0522,613,0,5.15475,175,0,6,,15.6568,169,0,2.40909,49,0,0,30.6578,31,,7456,7508,,0,0,0,1
1677859930441,1,1010123456002,78,,0,0,0,1,0,,9.30595,353,173,2.32202,98,0,6,,15.4599,137,0,1.79805,40,0,0,30.9206,31,,3618,3698,,0,0,0,1
1677859930691,1,1010123456002,78,,0,0,0,1,0,,9.42286,350,0,2.57389,105,0,6,,15.2041,98,0,1.07274,28,0,0,31.4676,31,,3511,3580,,0,0,0,1
1677859930941,1,1010123456002,78,,0,0,0,1,0,,9.35,360,0,2.37635,101,0,6,,15.4274,117,149775,1.45824,34,0,0,31.0184,31,,3603,3697,,0,0,0,1
1677859931191,1,1010123456002,78,,0,0,0,1,0,,9.56534,352,0,2.62774,103,0,6,,15.5793,145,0,2.01904,42,0,0,30.6866,31,,3809,3888,,0,0,0,1
1677859931441,1,1010123456002,78,,0,0,0,1,0,,9.89937,318,139,2.38211,89,0,6,,15.1919,99,0,1.13456,29,0,0,31.4315,31,,3570,3642,,0,0,0,1
1677859931691,1,1010123456002,78,,0,0,0,1,0,,9.06053,380,0,2.59005,112,0,6,,15.2178,101,0,0.973056,29,0,0,31.9121,31,,3671,3753,,0,0,0,1
1677859931941,1,1010123456002,78,,0,0,0,1,0,,9.44,325,2322,2.31482,91,0,6,,15.5357,140,0,1.90275,41,0,0,30.7906,31,,3540,3607,,0,0,0,1
1677859932191,1,1010123456002,78,,0,0,0,1,0,,9.71818,330,0,2.51334,96,0,6,,15.5212,165,0,2.14922,47,0,0,30.9074,31,,3577,3638,,0,0,0,1
1677859932441,1,1010123456002,78,,0,0,0,1,0,,9.9631,271,7985,1.92438,70,0,6,,15.4463,177,0,2.40909,51,0,0,30.7162,31,,3166,3195,,0,0,0,1
1677859932691,1,1010123456002,78,,0,0,0,1,0,,9.63636,363,207,2.81235,109,0,6,,15.8343,169,0,2.60605,49,0,0,30.247,31,,3801,3860,,0,0,0,1
1677859932941,1,1010123456002,78,,0,0,0,1,0,,9.47645,361,0,2.47232,100,0,6,,15.6306,111,0,1.47504,32,0,0,30.8417,31,,3749,3844,,0,0,0,1
1677859933191,1,1010123456002,78,,0,0,0,1,0,,9.38682,349,0,2.5663,104,0,6,,15.4322,118,0,1.47264,34,0,0,31.1453,31,,3629,3702,,0,0,0,1
1677859933441,1,1010123456002,78,,0,0,0,1,0,,9.27225,382,0,2.4089,103,0,6,,15.2816,103,0,1.2393,30,0,0,31.4397,31,,3672,3732,,0,0,0,1
1677859933691,1,1010123456002,78,,0,0,0,1,0,,9.39143,327,0,2.43414,97,0,6,,15.5896,173,0,2.4047,50,0,0,30.7229,31,,3430,3492,,0,0,0,1
1677859933941,1,1010123456002,78,,0,0,0,1,0,,9.51558,353,0,2.38851,99,0,6,,15.437,135,0,1.77478,39,0,0,30.9542,31,,3584,3639,,0,0,0,1
1677859934191,1,1010123456002,78,,0,0,0,1,0,,9.08847,373,0,2.47258,110,0,6,,15.5478,157,0,2.18138,45,0,0,30.7194,31,,3559,3645,,0,0,0,1
1677859934441,1,1010123456002,78,,0,0,0,1,0,,9.40217,368,0,2.46531,101,0,6,,14.9485,97,0,1.03526,28,0,0,31.7375,31,,3776,3877,,0,0,0,1
1677859934691,1,1010123456002,78,,0,0,0,1,0,,9.08012,337,0,2.39827,97,0,6,,15.6319,163,137025,2.31613,47,0,0,30.5521,31,,3360,3452,,0,0,0,1
1677859934941,1,1010123456002,78,,0,0,0,1,0,,9.32095,377,1171,2.51062,105,0,6,,15.7245,167,601,2.41523,48,0,0,30.5164,31,,3876,3971,,0,0,0,1
1677859935191,1,1010123456002,78,,0,0,0,1,0,,9.4235,366,0,2.56886,106,0,6,,15.529,138,0,1.77853,40,0,0,31.0338,31,,3559,3629,,0,0,0,1
1677859935441,1,1010123456002,78,,0,0,0,1,0,,9.56695,351,3191,2.47658,99,0,6,,15.25,128,0,1.49165,37,0,0,31.4155,31,,3819,3899,,0,0,0,1
1677859935691,1,1010123456002,78,,0,0,0,1,0,,9.37941,340,0,2.50685,100,0,6,,15.5464,97,135117,1.24614,28,0,0,30.9022,31,,3546,3603,,0,0,0,1
1677859935941,1,1010123456002,78,,0,0,0,1,0,,9.31339,351,115,2.50854,100,0,6,,15.6981,159,0,2.2496,46,0,0,30.647,31,,3688,3763,,0,0,0,1
1677859936191,1,1010123456002,78,,0,0,0,1,0,,9.49408,338,0,2.42938,96,0,6,,15.4071,140,0,1.6991,40,0,0,31.2529,31,,3596,3656,,0,0,0,1
1677859936441,1,1010123456002,78,,0,0,0,1,0,,9.38682,349,1930,2.35312,95,0,5.83333,,15.4836,122,0,1.52426,35,0,0,30.9057,31,,3750,3822,,0,0,0,1
1677859936691,1,1010123456002,78,,0,0,0,1,0,,8.99672,305,314,2.30381,92,0,6,,15.2119,118,0,1.36333,34,0,0,31.2307,31,,3369,3440,,0,0,0,1
1677859936941,1,1010123456002,78,,0,0,0,1,0,,9.48571,350,0,2.30243,98,0,6,,15.0909,121,146184,1.26618,35,0,0,31.5412,31,,3429,3486,,0,0,0,1
1677859937191,1,1010123456002,78,,0,0,0,1,0,,9.49444,360,0,2.63427,105,0,6,,15.6667,144,0,2.0679,41,0,0,30.374,31,,3788,3853,,0,0,0,1
1677859937441,1,1010123456002,78,,0,0,0,1,0,,9.20948,401,195,2.6272,112,0,6,,15.3538,130,0,1.5801,37,0,0,31.1641,31,,3969,4066,,0,0,0,1
1677859937691,1,1010123456002,78,,0,0,0,1,0,,9.18252,389,0,2.55133,112,0,6,,15.0549,91,0,0.967136,26,0,0,31.5165,31,,3692,3787,,0,0,0,1
1677859937941,1,1010123456002,78,,0,0,0,1,0,,9.28648,370,271,2.49443,103,0,6,,15.6306,157,149355,2.19568,45,0,0,30.6859,31,,3814,3889,,0,0,0,1
1677859938191,1,1010123456002,78,,0,0,0,1,0,,9.44509,346,0,2.48118,103,0,6,,15.4852,169,0,2.33498,49,0,0,30.7455,31,,3526,3588,,0,0,0,1
1677859938441,1,1010123456002,78,,0,0,0,1,0,,9.56508,315,0,2.30771,92,0,6,,15.4315,146,0,1.98618,43,0,0,30.9241,31,,3305,3350,,0,0,0,1
1677859938691,1,1010123456002,78,,0,0,0,1,0,,9.8689,328,0,2.56186,94,0,6,,15.6624,157,0,2.17277,45,0,0,30.5682,31,,3738,3785,,0,0,0,1
1677859938941,1,1010123456002,78,,0,0,0,1,0,,9.37535,357,127,2.3583,95,0,6,,15.3284,134,0,1.5953,38,0,0,31.2216,31,,3706,3763,,0,0,0,1
1677859939191,1,1010123456002,78,,0,0,0,1,0,,9.25369,339,0,2.28755,98,0,6,,15.3149,181,0,2.2815,52,0,0,31.134,31,,3410,3444,,0,0,0,1
1677859939441,1,1010123456002,78,,0,0,0,1,0,,9.39566,369,0,2.57386,105,0,6,,15.6204,137,0,1.87667,40,0,0,30.6748,31,,3760,3828,,0,0,0,1
1677859939691,1,1010123456002,78,,0,0,0,1,0,,9.34812,293,0,2.17558,88,0,6,,15.6133,181,135117,2.54816,52,0,0,30.6387,31,,2971,3036,,0,0,0,1
1677859939941,1,1010123456002,78,,0,0,0,1,0,,10.0147,475,0,3.81232,133,0,6,,15.6703,185,0,2.67968,53,0,0,30.5636,31,,5728,5783,,0,0,0,1
1677859940191,1,1010123456002,78,,0,0,0,1,0,,9.64184,349,0,2.61091,103,0,6,,15.681,163,0,2.39866,47,0,0,30.2854,31,,3737,3800,,0,0,0,1
1677859940441,1,1010123456002,78,,0,0,0,1,0,,9.57441,383,183,2.90886,106,0,6,,15.7736,212,0,3.14682,61,0,0,30.3367,31,,4485,4558,,0,0,0,1
1677859940691,1,1010123456002,78,,0,0,0,1,0,,9.72093,344,0,2.68461,102,0,6,,15.5964,166,0,2.32259,48,0,0,30.5603,31,,3702,3776,,0,0,0,1
1677859940941,1,1010123456002,78,,0,0,0,1,0,,9.41626,406,1832,2.68614,111,0,6,,15.5208,144,0,1.99034,42,0,0,30.8287,31,,4216,4294,,0,0,0,1
1677859941191,1,1010123456002,78,,0,0,0,1,0,,9.63325,379,0,2.92621,113,0,6,,15.3387,124,1132,1.54618,36,0,0,31.1297,31,,4035,4119,,0,0,0,1
1677859941441,1,1010123456002,78,,0,0,0,1,0,,9.85128,390,2410,2.86154,109,0,6,,14.9787,94,12691,0.88496,27,0,0,31.9512,31,,4357,4422,,0,0,0,1
1677859941691,1,1010123456002,78,,0,0,0,1,0,,9.45345,333,0,2.5633,94,0,6,,15.3381,139,0,1.83571,40,0,0,30.9076,31,,3692,3757,,0,0,0,1
1677859941941,1,1010123456002,78,,0,0,0,1,0,,9.96997,333,3853,2.69933,98,0,6,,15.5977,174,0,2.34218,50,0,0,30.751,31,,3944,3995,,0,0,0,1
1677859942191,1,1010123456002,78,,0,0,0,1,0,,9.44125,417,0,2.83382,115,0,6,,15.648,125,0,1.7801,36,0,0,30.4169,31,,4248,4337,,0,0,0,1
1677859942441,1,1010123456002,78,,0,0,0,1,0,,9.35891,404,5906,2.85744,115,0,6,,15.5391,128,0,1.65536,37,0,0,30.8641,31,,4370,4456,,0,0,0,1
1677859942691,1,1010123456002,78,,0,0,0,1,0,,9.50667,375,0,2.9008,112,0,6,,15.3252,163,0,2.15578,47,0,0,30.9735,31,,3959,4038,,0,0,0,1
1677859942941,1,1010123456002,78,,0,0,0,1,0,,9.88268,358,0,2.74243,97,0,6,,15.7812,160,0,2.47274,46,0,0,30.1416,31,,4244,4298,,0,0,0,1
1677859943191,1,1010123456002,78,,0,0,0,1,0,,9.73753,381,0,2.94269,108,0,6,,15.6316,152,0,2.1183,44,0,0,30.6664,31,,4258,4344,,0,0,0,1
1677859943441,1,1010123456002,78,,0,0,0,1,0,,9.36451,417,0,2.77923,120,0,6,,15.6747,166,0,2.44387,48,0,0,30.3613,31,,4093,4199,,0,0,0,1
1677859943691,1,1010123456002,78,,0,0,0,1,0,,9.18984,374,0,2.62566,106,0,6,,15.4902,153,0,2.03923,44,0,0,30.907,31,,3866,3934,,0,0,0,1
1677859943941,1,1010123456002,78,,0,0,0,1,0,,9.73151,365,0,2.84589,103,0,6,,15.4419,86,0,0.989536,25,0,0,31.3811,31,,4251,4320,,0,0,0,1
1677859944191,1,1010123456002,78,,0,0,0,1,0,,9.74618,327,0,2.58394,96,0,6,,15.7123,146,0,2.17962,42,0,0,30.2681,31,,3811,3850,,0,0,0,1
1677859944441,1,1010123456002,78,,0,0,0,1,0,,9.72905,358,447,2.71258,102,0,6,,15.256,125,0,1.45197,36,0,0,31.4083,31,,3977,4037,,0,0,0,1
1677859944691,1,1010123456002,78,,0,0,0,1,0,,9.405,400,0,2.8833,117,0,6,,15.6327,147,0,2.08045,42,0,0,30.5914,31,,4072,4148,,0,0,0,1
1677859944941,1,1010123456002,78,,0,0,0,1,0,,9.69054,391,0,2.91008,112,0,6,,15.4214,140,150000,1.79213,40,0,0,30.8657,31,,4262,4341,,0,0,0,1
1677859945191,1,1010123456002,78,,0,0,0,1,0,,9.52507,379,1175,2.64778,107,0,6,,15.7963,162,0,2.48118,47,0,0,30.2407,31,,3965,4041,,0,0,0,1
1677859945441,1,1010123456002,78,,0,0,0,1,0,,10.0729,343,0,2.88867,95,0,5.83333,,15.406,133,148092,1.63043,38,0,0,31.0913,31,,4272,4295,,0,0,0,1
1677859945691,1,1010123456002,78,,0,0,0,1,0,,9.25341,367,1542,2.57171,108,0,6,,15.2656,128,0,1.50502,37,0,0,31.4469,31,,3758,3847,,0,0,0,1
1677859945941,1,1010123456002,78,,0,0,0,1,0,,9.22769,325,0,2.288,92,0,6,,15.5871,155,0,2.13328,45,0,0,30.6596,31,,3333,3408,,0,0,0,1
1677859946191,1,1010123456002,78,,0,0,0,1,0,,9.34734,357,415,2.45222,101,0,6,,15.6449,138,0,1.94707,40,0,0,30.6406,31,,3803,3858,,0,0,0,1
1677859946441,1,1010123456002,78,,0,0,0,1,0,,9.15061,405,756,2.60198,113,0,6,,15.6757,148,0,2.11546,43,0,0,30.6611,31,,4001,4085,,0,0,0,1
1677859946691,1,1010123456002,78,,0,0,0,1,0,,9.32275,378,211,2.89904,115,0,6,,15.3884,121,135117,1.5081,35,0,0,31.0884,31,,3889,3989,,0,0,0,1
1677859946941,1,1010123456002,78,,0,0,0,1,0,,9.52696,408,249,2.8537,113,0,6,,15.6833,180,0,2.56182,52,0,0,30.6593,31,,4339,4424,,0,0,0,1
1677859947191,1,1010123456002,78,,0,0,0,1,0,,9.58987,395,147,2.88451,113,0,6,,15.6601,153,0,2.08902,44,0,0,30.537,31,,4148,4218,,0,0,0,1
1677859947441,1,1010123456002,78,,0,0,0,1,0,,9.41379,377,231,2.71901,109,0,6,,15.5962,156,0,2.05725,45,0,0,30.9566,31,,3930,4012,,0,0,0,1
1677859947691,1,1010123456002,78,,0,0,0,1,0,,9.25405,370,0,2.54166,103,0,6,,15.6993,143,0,2.0224,41,0,0,30.5882,31,,3872,3945,,0,0,0,1
1677859947941,1,1010123456002,78,,0,0,0,1,0,,9.48813,379,0,2.68298,107,0,6,,15.0476,105,0,1.10573,30,0,0,31.975,31,,4157,4255,,0,0,0,1
1677859948191,1,1010123456002,78,,0,0,0,1,0,,9.1604,399,0,2.83744,115,0,6,,15.5304,181,0,2.57309,52,0,0,30.595,31,,3944,4036,,0,0,0,1
1677859948441,1,1010123456002,78,,0,0,0,1,0,,9.36512,430,1143,2.95379,122,0,6,,15.6056,142,0,1.99613,41,0,0,30.711,31,,4421,4548,,0,0,0,1
1677859948691,1,1010123456002,78,,0,0,0,1,0,,9.26684,386,0,2.8568,116,0,5.83333,,15.8144,167,0,2.54515,48,0,0,30.2652,31,,4082,4187,,0,0,0,1
1677859948941,1,1010123456002,78,,0,0,0,1,0,,9.12441,426,1283,2.93683,121,0,6,,15.3627,102,150000,1.14851,29,0,0,31.4142,31,,4466,4559,,0,0,0,1
1677859949191,1,1010123456002,78,,0,0,0,1,0,,9.74324,370,0,2.72838,102,0,6,,15.5634,142,0,2.00691,41,0,0,30.761,31,,4055,4141,,0,0,0,1
1677859949441,1,1010123456002,78,,0,0,0,1,0,,9.44092,347,1384,2.46243,97,0,6,,15.7158,183,0,2.69578,53,0,0,30.4138,31,,3747,3836,,0,0,0,1
1677859949691,1,1010123456002,78,,0,0,0,1,0,,9.75422,415,0,3.40214,121,0,6,,15.7343,143,0,2.07136,41,0,0,30.4029,31,,4769,4824,,0,0,0,1
1677859949941,1,1010123456002,78,,0,0,0,1,0,,9.60378,371,1343,2.58714,102,0,6,,15.7401,177,0,2.6064,51,0,0,30.4054,31,,3996,4068,,0,0,0,1
1677859950191,1,1010123456002,78,,0,0,0,1,0,,10.707,273,0,2.71168,84,0,6.14286,,15.4141,128,148092,1.68669,37,0,0,31.0488,31,,3523,3541,,0,0,0,1
1677859950441,1,1010123456002,78,,0,0,0,1,0,,10.6977,258,0,2.43942,74,0,6.16667,,15.7805,205,0,3.07264,59,0,0,30.2883,31,,3447,3489,,0,0,0,1
1677859950691,1,1010123456002,78,,0,0,0,1,0,,10.3283,329,0,2.85078,92,0,6,,15.5586,111,0,1.43539,32,0,0,30.8341,31,,4266,4268,,0,0,0,1
1677859950941,1,1010123456002,78,,0,0,0,1,0,,9.75956,366,582,2.68902,101,0,6,,15.8077,156,0,2.40115,45,0,0,30.1216,31,,4179,4243,,0,0,0,1
1677859951191,1,1010123456002,78,,0,0,0,1,0,,9.75749,334,0,2.74368,100,0,6,,15.6828,145,0,2.09466,42,0,0,30.5044,31,,3760,3850,,0,0,0,1
1677859951441,1,1010123456002,78,,0,0,0,1,0,,9.46857,350,0,2.77731,99,0,6,,15.558,138,0,1.88435,40,0,0,30.804,31,,4086,4134,,0,0,0,1
1677859951691,1,1010123456002,78,,0,0,0,1,0,,9.66764,343,335,2.64451,96,0,6,,15.4658,146,0,1.91866,42,0,0,30.9369,31,,3970,4056,,0,0,0,1
1677859951941,1,1010123456002,78,,0,0,0,1,0,,9.49614,389,0,2.80512,114,0,6,,15.6537,205,0,3.01053,59,0,0,30.5422,31,,4033,4095,,0,0,0,1
1677859952191,1,1010123456002,78,,0,0,0,1,0,,9.52845,369,75,2.628,101,0,6,,15.7174,138,0,2.03789,40,0,0,30.3215,31,,3990,4075,,0,0,0,1
1677859952441,1,1010123456002,78,,0,0,0,1,0,,9.54703,404,0,2.66762,113,0,6,,15.5369,149,0,1.99424,43,0,0,30.8925,31,,4040,4121,,0,0,0,1
1677859952691,1,1010123456002,78,,0,0,0,1,0,,8.95526,380,0,2.76224,116,0,6,,15.6014,143,0,1.97664,41,0,0,30.7077,31,,3769,3843,,0,0,0,1
1677859952941,1,1010123456002,78,,0,0,0,1,0,,9.50365,411,0,2.88122,114,0,6,,15.7011,174,0,2.47894,50,0,0,30.5634,31,,4357,4435,,0,0,0,1
1677859953191,1,1010123456002,78,,0,0,0,1,0,,9.01309,382,3684,2.52362,108,0,6,,15.4153,118,0,1.48339,34,0,0,31.0043,31,,3737,3846,,0,0,0,1
1677859953441,1,1010123456002,78,,0,0,0,1,0,,9.50386,389,0,2.77229,112,0,6,,15.5,152,0,1.98032,44,0,0,31.0479,31,,4041,4122,,0,0,0,1
1677859953691,1,1010123456002,78,,0,0,0,1,0,,9.33673,392,1167,2.62922,111,0,6,,15.3776,143,0,1.91264,41,0,0,30.9012,31,,3848,3938,,0,0,0,1
1677859953941,1,1010123456002,78,,0,0,0,1,0,,9.33842,393,0,2.71072,113,0,6,,15.75,132,0,1.91037,38,0,0,30.3663,31,,4021,4106,,0,0,0,1
1677859954191,1,1010123456002,78,,0,0,0,1,0,,9.61127,337,205,2.50602,98,0,6,,15.6449,107,0,1.47686,31,0,0,30.5371,31,,3591,3646,,0,0,0,1
1677859954441,1,1010123456002,78,,0,0,0,1,0,,9.56266,391,0,2.88387,112,0,6,,14.87,100,0,0.972768,29,0,0,32.2147,31,,4244,4317,,0,0,0,1
1677859954691,1,1010123456002,78,,0,0,0,1,0,,9.40054,372,247,2.64208,105,0,6,,15.5845,142,0,1.98512,41,0,0,30.6853,31,,3990,4066,,0,0,0,1
1677859954941,1,1010123456002,78,,0,0,0,1,0,,9.25641,429,0,2.90339,123,0,6,,15.5882,170,0,2.44752,49,0,0,30.6997,31,,4211,4301,,0,0,0,1
1677859955191,1,1010123456002,78,,0,0,0,1,0,,9.18388,397,0,2.69978,117,0,6,,15.7669,163,0,2.44026,47,0,0,30.2646,31,,3885,3986,,0,0,0,1
1677859955441,1,1010123456002,78,,0,0,0,1,0,,9.60582,378,0,2.8048,106,0,6,,15.8012,166,0,2.51862,48,0,0,30.256,31,,4173,4211,,0,0,0,1
1677859955691,1,1010123456002,78,,0,0,0,1,0,,9.31122,392,3745,2.61456,111,0,6,,15.4014,142,0,1.9537,41,0,0,30.8293,31,,3927,4042,,0,0,0,1
1677859955941,1,1010123456002,78,,0,0,0,1,0,,9.64627,376,1490,2.86778,108,0,6,,15.5431,116,0,1.55885,34,0,0,30.969,31,,4138,4205,,0,0,0,1
1677859956191,1,1010123456002,78,,0,0,0,1,0,,9.31797,434,2349,2.80563,120,0,6,,15.0787,89,0,0.966112,26,0,0,31.8255,31,,4327,4413,,0,0,0,1
1677859956441,1,1010123456002,78,,0,0,0,1,0,,9.18938,433,0,2.90979,126,0,6,,15.384,125,0,1.48976,36,0,0,31.382,31,,4121,4237,,0,0,0,1
1677859956691,1,1010123456002,78,,0,0,0,1,0,,9.25806,403,1345,2.65917,114,0,6,,15.5035,143,0,1.95242,41,0,0,30.8235,31,,3964,4074,,0,0,0,1
1677859956941,1,1010123456002,78,,0,0,0,1,0,,9.18243,444,0,2.88922,130,0,6,,15.5,118,0,1.45491,34,0,0,31.1085,31,,4119,4238,,0,0,0,1
1677859957191,1,1010123456002,78,,0,0,0,1,0,,9.1974,385,0,2.74906,110,0,6,,15.5727,110,0,1.47619,32,0,0,30.8229,31,,3973,4089,,0,0,0,1
1677859957441,1,1010123456002,78,,0,0,0,1,0,,9.37783,397,0,2.67869,113,0,6,,15.701,204,0,3.0031,59,0,0,30.5178,31,,3995,4087,,0,0,0,1
1677859957691,1,1010123456002,78,,0,0,0,1,0,,9.44226,407,1278,2.63216,111,0,6,,15.4956,113,0,1.50906,33,0,0,30.9368,31,,4167,4245,,0,0,0,1
1677859957941,1,1010123456002,78,,0,0,0,1,0,,9.28205,390,111,2.7641,116,0,6,,15.6319,144,0,2.0048,41,0,0,30.5243,31,,3806,3892,,0,0,0,1
1677859958191,1,1010123456002,78,,0,0,0,1,0,,9.19664,417,1303,2.59779,115,0,6,,15.5263,114,0,1.48624,33,0,0,30.9785,31,,3964,4063,,0,0,0,1
1677859958441,1,1010123456002,78,,0,0,0,1,0,,9.23474,426,0,2.82518,122,0,6,,15.6379,116,0,1.54173,34,0,0,30.7108,31,,4127,4240,,0,0,0,1
1677859958691,1,1010123456002,78,,0,0,0,1,0,,9.5625,384,1547,2.66906,110,0,6,,15.5405,111,0,1.40099,32,0,0,31.0976,31,,3967,4059,,0,0,0,1
1677859958941,1,1010123456002,78,,0,0,0,1,0,,9.16832,404,1321,2.86448,119,0,6,,15.4865,111,0,1.40928,32,0,0,30.792,31,,4096,4181,,0,0,0,1
1677859959191,1,1010123456002,78,,0,0,0,1,0,,9.27423,423,0,2.65213,118,0,6,,15.6687,163,0,2.39398,47,0,0,30.5035,31,,3881,3993,,0,0,0,1
1677859959441,1,1010123456002,78,,0,0,0,1,0,,9.41077,297,0,2.22867,88,0,6,,15.6058,137,0,1.83616,40,0,0,30.9392,31,,3184,3233,,0,0,0,1
1677859959691,1,1010123456002,78,,0,0,0,1,0,,10.2107,299,0,2.5984,85,0,6,,15.6744,129,0,1.76867,37,0,0,30.8561,31,,3813,3826,,0,0,0,1
1677859959941,1,1010123456002,78,,0,0,0,1,0,,9.60519,385,0,2.82726,111,0,6,,14.5556,27,0,0.151232,8,0,0,32.9273,31,,4122,4206,,0,0,0,1
1677859960191,1,1010123456002,78,,0,0,0,1,0,,9.95785,261,0,2.11069,75,0,6,,15.0508,59,0,0.656032,17,0,0,31.8533,31,,3088,3100,,0,0,0,1
1677859960441,1,1010123456002,78,,0,0,0,1,0,,10.1024,371,225,2.89037,101,0,6,,15.2547,106,0,1.28464,31,0,0,31.3147,31,,4430,4473,,0,0,0,1
1677859960691,1,1010123456002,78,,0,0,0,1,0,,9.84751,341,113,2.8231,101,0,6,,15,53,0,0.618848,15,0,0,31.6357,31,,3975,4041,,0,0,0,1
1677859960941,1,1010123456002,78,,0,0,0,1,0,,9.48358,335,0,2.45424,96,0,6,,15.4946,93,0,1.24298,27,0,0,31.0386,31,,3577,3645,,0,0,0,1
1677859961191,1,1010123456002,78,,0,0,0,1,0,,8.92982,228,0,1.4704,68,0,6,,15.1346,52,0,0.649216,15,0,0,31.6307,31,,2104,2170,,0,0,0,1
1677859961441,1,1010123456002,78,,0,0,0,1,0,,7.6383,47,0,0.135904,13,0,6,,15.5054,93,0,1.27133,27,0,0,30.8317,31,,207,254,,0,0,0,1
1677859961691,1,1010123456002,78,,0,0,0,1,0,,8.67708,192,0,1.0704,54,0,6,,15.7769,121,0,1.76746,35,0,0,30.5403,31,,1614,1680,,0,0,0,1
1677859961941,1,1010123456002,78,,0,0,0,1,0,,8.73713,369,103,2.23133,104,0,6,,14.7794,68,0,0.673728,20,0,0,32.5232,31,,3325,3394,,0,0,0,1
1677859962191,1,1010123456002,78,,0,0,0,1,0,,8.95465,419,0,2.52422,115,0,6,,15.5667,90,0,1.22384,26,0,0,30.8646,31,,3865,3962,,0,0,0,1
1677859962441,1,1010123456002,78,,0,0,0,1,0,,9.21883,393,1195,2.69706,115,0,6,,14.1,30,0,0.113568,9,0,0,34.985,31,,3823,3922,,0,0,0,1
1677859962691,1,1010123456002,78,,0,0,0,1,0,,9.60377,371,0,2.65581,107,0,6,,15.3918,97,0,1.22771,28,0,0,31.1784,31,,3828,3892,,0,0,0,1
1677859962941,1,1010123456002,78,,0,0,0,1,0,,9.34715,386,0,2.66109,109,0,6,,15.3333,72,0,0.76656,21,0,0,31.9365,31,,3957,4047,,0,0,0,1
1677859963191,1,1010123456002,78,,0,0,0,1,0,,9.23871,465,0,2.90966,132,0,6,,15.4746,59,0,0.656096,17,0,0,31.4708,31,,4296,4393,,0,0,0,1
1677859963441,1,1010123456002,78,,0,0,0,1,0,,9.62016,387,0,2.75034,111,0,6,,15.4844,128,0,1.78531,37,0,0,30.8022,31,,4083,4171,,0,0,0,1
1677859963691,1,1010123456002,78,,0,0,0,1,0,,9.3288,441,0,2.99344,126,0,6,,15.4286,91,0,1.20269,26,0,0,30.9568,31,,4378,4465,,0,0,0,1
1677859963941,1,1010123456002,78,,0,0,0,1,0,,9.55643,381,0,2.80934,111,0,6,,15.0556,72,0,0.724896,21,0,0,32.2587,31,,4020,4100,,0,0,0,1
1677859964191,1,1010123456002,78,,0,0,0,1,0,,9.46428,392,1558,2.59926,109,0,6,,15.3065,62,0,0.68608,18,0,0,31.7642,31,,3979,4066,,0,0,0,1
1677859964441,1,1010123456002,78,,0,0,0,1,0,,9.51724,406,153,2.90688,116,0,6,,15.1944,72,0,0.728672,21,0,0,31.9825,31,,4233,4320,,0,0,0,1
1677859964691,1,1010123456002,78,,0,0,0,1,0,,9.0073,411,1107,2.61283,117,0,6,,15.2857,70,137025,0.71456,20,0,0,31.9854,31,,3814,3923,,0,0,0,1
1677859964941,1,1010123456002,78,,0,0,0,1,0,,9.2734,406,77,2.64998,116,0,6,,15.4655,58,0,0.67632,17,0,0,31.5041,31,,3944,4048,,0,0,0,1
1677859965191,1,1010123456002,78,,0,0,0,1,0,,9.28471,425,61,2.8159,121,0,6,,15.6556,90,0,1.22035,26,0,0,30.8767,31,,4138,4253,,0,0,0,1
1677859965441,1,1010123456002,78,,0,0,0,1,0,,9.73864,352,0,2.67475,105,0,6.16667,,15.7303,89,0,1.25165,26,0,0,30.7571,31,,3616,3727,,0,0,0,1
1677859965691,1,1010123456002,78,,0,0,0,1,0,,9.33827,405,0,2.83862,115,0,6,,15.5,62,0,0.689024,18,0,0,31.6313,31,,4247,4327,,0,0,0,1
1677859965941,1,1010123456002,78,,0,0,0,1,0,,9.30445,404,0,2.74166,112,0,6,,14.9315,73,0,0.70512,21,0,0,32.3959,31,,4194,4274,,0,0,0,1
1677859966191,1,1010123456002,78,,0,0,0,1,0,,9.4,405,0,2.83264,120,0,6,,15.5667,90,0,1.19123,26,0,0,31.1758,31,,3942,4053,,0,0,0,1
1677859966441,1,1010123456002,78,,0,0,0,1,0,,9.56429,420,1249,2.91229,120,0,6,,15.0417,72,0,0.706784,21,0,0,32.4191,31,,4309,4398,,0,0,0,1
1677859966691,1,1010123456002,78,,0,0,0,1,0,,9.37954,440,2288,2.71981,122,0,6,,15.2698,63,137025,0.710016,18,0,0,31.6664,31,,4107,4202,,0,0,0,1
1677859966941,1,1010123456002,78,,0,0,0,1,0,,9.56986,365,0,2.70298,106,0,6,,15.823,113,0,1.74461,33,0,0,30.3876,31,,3898,3970,,0,0,0,1
1677859967191,1,1010123456002,78,,0,0,0,1,0,,9.04751,421,0,2.74355,121,0,6,,15.6,90,0,1.21856,26,0,0,30.9311,31,,4044,4148,,0,0,0,1
1677859967441,1,1010123456002,78,,0,0,0,1,0,,9.3375,400,0,2.67699,113,0,6,,15.6263,99,0,1.2879,29,0,0,31.0218,31,,3947,4029,,0,0,0,1
1677859967691,1,1010123456002,78,,0,0,0,1,0,,9.5736,394,0,2.86,115,0,6,,15.661,118,0,1.75597,34,0,0,30.4418,31,,4128,4219,,0,0,0,1
1677859967941,1,1010123456002,78,,0,0,0,1,0,,9.48441,417,0,2.98394,120,0,6,,15.7769,121,0,1.79568,35,0,0,30.4865,31,,4371,4460,,0,0,0,1
1677859968191,1,1010123456002,78,,0,0,0,1,0,,9.67135,356,0,2.66842,104,0,6,,15.75,124,0,1.7984,36,0,0,30.5968,31,,3885,3921,,0,0,0,1
1677859968441,1,1010123456002,78,,0,0,0,1,0,,9.56962,395,0,2.73837,110,0,6,,15.4673,107,0,1.36691,31,0,0,31.0725,31,,4150,4236,,0,0,0,1
1677859968691,1,1010123456002,78,,0,0,0,1,0,,9.53367,401,0,2.7689,112,0,6,,15.5556,99,0,1.28522,29,0,0,31.1154,31,,4106,4170,,0,0,0,1
1677859968941,1,1010123456002,78,,0,0,0,1,0,,9.28608,395,0,2.95466,119,0,6,,15.7949,117,0,1.78989,34,0,0,30.2007,31,,4139,4234,,0,0,0,1
1677859969191,1,1010123456002,78,,0,0,0,1,0,,9.62295,366,49,2.54704,99,0,6,,15.1507,73,0,0.79424,21,0,0,31.9556,31,,3978,4059,,0,0,0,1
1677859969441,1,1010123456002,78,,0,0,0,1,0,,9.60158,379,0,2.73533,106,0,6,,15.3023,86,0,0.982528,25,0,0,31.7165,31,,4087,4162,,0,0,0,1
1677859969691,1,1010123456002,78,,0,0,0,1,0,,9.47804,387,1203,2.80394,113,0,6,,15.3444,90,0,1.08397,26,0,0,31.3803,31,,3892,3990,,0,0,0,1
1677859969941,1,1010123456002,78,,0,0,0,1,0,,9.36579,380,0,2.64608,113,0,6,,14.8202,89,967,0.861216,26,0,0,32.1773,31,,3760,3853,,0,0,0,1
1677859970191,1,1010123456002,78,,0,0,0,1,0,,9.47011,368,0,2.54026,105,0,6,,15.494,83,0,1.08643,24,0,0,30.8403,31,,3755,3842,,0,0,0,1
1677859970441,1,1010123456002,78,,0,0,0,1,0,,9.76757,370,2574,2.75696,105,0,6.16667,,15.5753,186,0,2.69427,54,0,0,30.6091,31,,4035,4115,,0,0,0,1
1677859970691,1,1010123456002,78,,0,0,0,1,0,,9.64557,395,0,2.97453,112,0,6,,15.6518,112,0,1.65424,33,0,0,30.4652,31,,4326,4394,,0,0,0,1
1677859970941,1,1010123456002,78,,0,0,0,1,0,,9.60048,413,0,2.7729,116,0,6,,15.4571,105,0,1.41501,31,0,0,31.0645,31,,4226,4316,,0,0,0,1
1677859971191,1,1010123456002,78,,0,0,0,1,0,,9.80577,381,129,2.90557,109,0,6,,15.5347,101,0,1.26368,29,0,0,31.0484,31,,4238,4320,,0,0,0,1
1677859971441,1,1010123456002,78,,0,0,0,1,0,,9.47044,389,0,2.94358,117,0,6,,15.5243,103,0,1.33101,30,0,0,31.2391,31,,4053,4148,,0,0,0,1
1677859971691,1,1010123456002,78,,0,0,0,1,0,,9.35696,395,1127,2.57626,107,0,6,,15.6299,154,0,2.23546,45,0,0,30.5289,31,,3980,4056,,0,0,0,1
1677859971941,1,1010123456002,78,,0,0,0,1,0,,9.18337,409,0,2.96122,123,0,6,,15.4318,132,0,1.73238,38,0,0,31.0996,31,,4178,4274,,0,0,0,1
1677859972191,1,1010123456002,78,,0,0,0,1,0,,9.25236,424,0,2.80778,118,0,6,,15.7917,120,0,1.82954,35,0,0,30.2286,31,,4231,4317,,0,0,0,1
1677859972441,1,1010123456002,78,,0,0,0,1,0,,9.67268,388,0,2.82304,114,0,6,,15.1111,90,0,0.944256,26,0,0,31.9851,31,,4066,4132,,0,0,0,1
1677859972691,1,1010123456002,78,,0,0,0,1,0,,9.40106,379,0,2.71024,106,0,6,,15.379,124,0,1.57683,36,0,0,31.2354,31,,4050,4144,,0,0,0,1
1677859972941,1,1010123456002,78,,0,0,0,1,0,,9.49864,369,0,2.64384,108,0,6,,15.6025,161,0,2.26173,47,0,0,30.7905,31,,3800,3871,,0,0,0,1
1677859973191,1,1010123456002,78,,0,0,0,1,0,,9.33415,410,2240,2.73843,115,0,6,,15.1324,68,0,0.744512,20,0,0,31.8498,31,,4166,4229,,0,0,0,1
1677859973441,1,1010123456002,78,,0,0,0,1,0,,9.58684,380,0,2.7209,112,0,6,,15.4178,146,0,1.93418,42,0,0,30.8948,31,,3888,3959,,0,0,0,1
1677859973691,1,1010123456002,78,,0,0,0,1,0,,9.26273,373,3594,2.51434,107,0,6,,15.31,100,0,1.2088,29,0,0,31.2935,31,,3697,3775,,0,0,0,1
1677859973941,1,1010123456002,78,,0,0,0,1,0,,9.70633,395,155,2.87894,111,0,6,,15.5546,119,0,1.65248,35,0,0,30.9077,31,,4222,4297,,0,0,0,1
1677859974191,1,1010123456002,78,,0,0,0,1,0,,9.67836,342,135,2.53037,98,0,6,,15.4074,108,0,1.35965,31,0,0,31.0398,31,,3783,3849,,0,0,0,1
1677859974441,1,1010123456002,78,,0,0,0,1,0,,9.64764,403,0,2.89798,113,0,6,,15.7241,116,0,1.67152,34,0,0,30.5854,31,,4236,4322,,0,0,0,1
1677859974691,1,1010123456002,78,,0,0,0,1,0,,9.67164,335,0,2.54269,97,0,6,,15.4533,75,0,0.889056,22,0,0,31.5887,31,,3681,3755,,0,0,0,1
1677859974941,1,1010123456002,78,,0,0,0,1,0,,9.79241,395,0,2.9663,114,0,6,,15.2589,112,0,1.32605,32,0,0,31.3895,31,,4346,4418,,0,0,0,1
1677859975191,1,1010123456002,78,,0,0,0,1,0,,9.34101,434,0,2.82474,117,0,6,,15.4944,89,0,1.12707,26,0,0,30.9424,31,,4449,4553,,0,0,0,1
1677859975441,1,1010123456002,78,,0,0,0,1,0,,9.48276,377,1187,2.88406,115,0,6,,15.418,122,0,1.63504,36,0,0,30.7087,31,,3949,4053,,0,0,0,1
1677859975691,1,1010123456002,78,,0,0,0,1,0,,9.18904,365,0,2.58672,101,0,5.83333,,15.6308,130,0,1.81213,38,0,0,30.8738,31,,4166,4247,,0,0,0,1
1677859975941,1,1010123456002,78,,0,0,0,1,0,,8.81876,469,0,3.11162,134,0,5.83333,,15.5443,158,0,2.2399,46,0,0,30.6764,31,,4867,4973,,0,0,0,1
1677859976191,1,1010123456002,78,,0,0,0,1,0,,9.25984,381,0,2.6631,111,0,6,,15.8053,113,0,1.72442,33,0,0,30.2715,31,,3946,4022,,0,0,0,1
1677859976441,1,1010123456002,78,,0,0,0,1,0,,9.64359,390,0,2.92531,113,0,6.16667,,15.622,127,0,1.79136,37,0,0,30.6074,31,,4229,4307,,0,0,0,1
1677859976691,1,1010123456002,78,,0,0,0,1,0,,9.66962,339,0,2.48221,95,0,6,,15.6484,182,0,2.66768,53,0,0,30.4326,31,,3621,3715,,0,0,0,1
1677859976941,1,1010123456002,78,,0,0,0,1,0,,9.63961,308,0,2.39238,89,0,6,,15.4375,160,0,2.21318,46,0,0,30.7444,31,,3443,3503,,0,0,0,1
1677859977191,1,1010123456002,78,,0,0,0,1,0,,10.2108,370,0,3.00157,101,0,6,,15.5197,152,0,2.08358,44,0,0,30.7133,31,,4628,4672,,0,0,0,1
1677859977441,1,1010123456002,78,,0,0,0,1,0,,9.1311,389,0,2.5608,110,0,6,,15.6987,156,0,2.22736,45,0,0,30.6108,31,,3753,3836,,0,0,0,1
1677859977691,1,1010123456002,78,,0,0,0,1,0,,9.62207,299,18606,2.05174,83,0,6,,15.5317,126,0,1.69219,36,0,0,30.7223,31,,3235,3276,,0,0,0,1
1677859977941,1,1010123456002,78,,0,0,0,1,0,,9.78095,420,0,3.40406,122,0,6,,15.6087,115,0,1.59338,34,0,0,30.6973,31,,4809,4888,,0,0,0,1
1677859978191,1,1010123456002,78,,0,0,0,1,0,,9.2982,389,0,2.64208,113,0,6,,15.5,118,0,1.57853,34,0,0,30.7285,31,,3812,3920,,0,0,0,1
1677859978441,1,1010123456002,78,,0,0,0,1,0,,9.13194,432,0,2.90877,125,0,6,,15.7029,138,0,1.95011,40,0,0,30.7509,31,,4182,4290,,0,0,0,1
1677859978691,1,1010123456002,78,,0,0,0,1,0,,9.42019,426,0,2.71693,119,0,6,,15.7015,201,0,3.02992,58,0,0,30.2799,31,,4084,4182,,0,0,0,1
1677859978941,1,1010123456002,78,,0,0,0,1,0,,9.18518,405,0,2.6192,116,0,6,,15.6759,145,0,2.03222,42,0,0,30.6614,31,,3732,3836,,0,0,0,1
1677859979191,1,1010123456002,78,,0,0,0,1,0,,9.13457,431,0,2.76557,122,0,6,,15.5122,82,0,0.975072,24,0,0,31.3312,31,,4205,4276,,0,0,0,1
1677859979441,1,1010123456002,78,,0,0,0,1,0,,9.43814,388,105,2.71533,113,0,6,,15.5294,102,0,1.28598,30,0,0,31.4691,31,,3910,4015,,0,0,0,1
1677859979691,1,1010123456002,78,,0,0,0,1,0,,9.53401,397,761,2.66576,107,0,6,,15.5346,159,0,2.18982,46,0,0,30.8516,31,,4265,4351,,0,0,0,1
1677859979941,1,1010123456002,78,,0,0,0,1,0,,9.26807,429,0,2.9945,125,0,6,,15.4403,134,0,1.80413,39,0,0,30.913,31,,4223,4318,,0,0,0,1
1677859980191,1,1010123456002,78,,0,0,0,1,0,,9.51576,349,0,2.60326,104,0,6,,15.6325,117,0,1.69011,34,0,0,30.6103,31,,3701,3781,,0,0,0,1
1677859980441,1,1010123456002,78,,0,0,0,1,0,,9.8273,359,0,2.91088,103,0,6,,15.3382,136,0,1.77414,40,0,0,30.9635,31,,4279,4354,,0,0,0,1
1677859980691,1,1010123456002,78,,0,0,0,1,0,,9.87606,355,0,2.65846,96,0,6,,15.3939,99,0,1.26371,29,0,0,30.9731,31,,4183,4243,,0,0,0,1
1677859980941,1,1010123456002,78,,0,0,0,1,0,,9.38462,364,0,2.70522,110,0,6,,15.3881,134,967,1.75411,39,0,0,31.0954,31,,3705,3772,,0,0,0,1
1677859981191,1,1010123456002,78,,0,0,0,1,0,,9.74373,359,0,2.61885,97,0,6,,15.1441,111,0,1.25363,32,0,0,31.3322,31,,4128,4208,,0,0,0,1
1677859981441,1,1010123456002,78,,0,0,0,1,0,,9.45245,347,105,2.68755,101,0,6,,15.494,83,0,1.0448,24,0,0,31.2313,31,,3838,3908,,0,0,0,1
1677859981691,1,1010123456002,78,,0,0,0,1,0,,9.40547,402,0,2.81722,113,0,6,,15.4865,111,0,1.38682,32,0,0,31.2318,31,,4210,4294,,0,0,0,1
1677859981941,1,1010123456002,78,,0,0,0,1,0,,9.37368,380,0,2.6896,110,0,6,,15.4248,153,0,2.10173,44,0,0,30.7405,31,,3847,3908,,0,0,0,1
1677859982191,1,1010123456002,78,,0,0,0,1,0,,9.24933,373,0,2.50528,105,0,6,,15.561,164,0,2.38877,47,0,0,30.5208,31,,3862,3934,,0,0,0,1
1677859982441,1,1010123456002,78,,0,0,0,1,0,,9.38081,344,0,2.60294,104,0,6,,15.7431,109,0,1.50438,32,0,0,30.5938,31,,3527,3614,,0,0,0,1
1677859982691,1,1010123456002,78,,0,0,0,1,0,,9.64232,397,0,2.77142,106,0,6,,15.4746,118,0,1.52915,34,0,0,31.2197,31,,4407,4467,,0,0,0,1
1677859982941,1,1010123456002,78,,0,0,0,1,0,,9.48964,386,0,2.90374,116,0,6,,15.5959,146,0,2.07757,42,0,0,30.4321,31,,3965,4034,,0,0,0,1
1677859983191,1,1010123456002,78,,0,0,0,1,0,,9.73243,370,0,2.7575,105,0,6,,15.1481,108,0,1.26976,31,0,0,31.377,31,,4079,4141,,0,0,0,1
1677859983441,1,1010123456002,78,,0,0,0,1,0,,9.66087,345,0,2.5744,98,0,6,,15.5268,112,0,1.4551,33,0,0,31.0016,31,,3784,3837,,0,0,0,1
1677859983691,1,1010123456002,78,,0,0,0,1,0,,9.54155,373,81,2.45968,101,0,6,,15.2169,83,0,0.907104,24,0,0,31.8886,31,,3911,3960,,0,0,0,1
1677859983941,1,1010123456002,78,,0,0,0,1,0,,9.40401,349,1147,2.68678,106,0,6,,15.587,138,0,1.93136,40,0,0,30.6647,31,,3638,3689,,0,0,0,1
1677859984191,1,1010123456002,78,,0,0,0,1,0,,9.19302,430,1432,2.73725,118,0,6,,15.4423,104,0,1.34922,30,0,0,30.9781,31,,4227,4306,,0,0,0,1
1677859984441,1,1010123456002,78,,0,0,0,1,0,,9.63775,392,1259,2.88294,114,0,6,,15.7239,163,0,2.36867,47,0,0,30.5053,31,,4113,4184,,0,0,0,1
1677859984691,1,1010123456002,78,,0,0,0,1,0,,9.16708,407,1191,2.67526,116,0,6,,15.7259,135,0,1.90995,39,0,0,30.6779,31,,3995,4071,,0,0,0,1
1677859984941,1,1010123456002,78,,0,0,0,1,0,,9.51979,379,1139,2.82582,109,0,6,,15.09,100,1132,0.954688,29,0,0,32.1311,31,,4141,4221,,0,0,0,1
1677859985191,1,1010123456002,78,,0,0,0,1,0,,9.53665,382,2554,2.67408,108,0,6,,15.1971,137,0,1.65171,39,0,0,31.3916,31,,3989,4071,,0,0,0,1
1677859985441,1,1010123456002,78,,0,0,0,1,0,,9.57412,371,0,2.69085,105,0,6,,15.3548,124,0,1.5031,36,0,0,31.3297,31,,3949,4004,,0,0,0,1
1677859985691,1,1010123456002,78,,0,0,0,1,0,,9.43222,391,0,2.65072,110,0,6,,15.4148,135,0,1.82797,39,0,0,30.8557,31,,4017,4119,,0,0,0,1
1677859985941,1,1010123456002,78,,0,0,0,1,0,,9.69761,377,0,3.03181,111,0,6,,14.6143,70,0,0.628416,20,0,0,32.4172,31,,4238,4302,,0,0,0,1
1677859986191,1,1010123456002,78,,0,0,0,1,0,,9.13624,367,241,2.52573,101,0,5.85714,,15.5231,130,149775,1.73456,38,0,0,30.6834,31,,4154,4242,,0,0,0,1
1677859986441,1,1010123456002,78,,0,0,0,1,0,,9.3592,348,1364,2.43795,100,0,6,,15.8317,202,0,3.11866,58,0,0,30.1715,31,,3585,3664,,0,0,0,1
1677859986691,1,1010123456002,78,,0,0,0,1,0,,9.65656,396,277,3.0167,115,0,6,,15.3656,93,0,1.15181,27,0,0,31.1075,31,,4272,4349,,0,0,0,1
1677859986941,1,1010123456002,78,,0,0,0,1,0,,9.50933,375,0,2.70099,108,0,6,,15.7379,145,0,2.15462,42,0,0,30.2661,31,,3921,4013,,0,0,0,1
1677859987191,1,1010123456002,78,,0,0,0,1,0,,9.36317,391,0,2.78074,112,0,6,,15.0783,115,0,1.28269,33,0,0,31.6491,31,,4065,4156,,0,0,0,1
1677859987441,1,1010123456002,78,,0,0,0,1,0,,9.50392,383,0,2.62422,107,0,6,,15.2035,113,0,1.25283,33,0,0,31.6938,31,,4007,4105,,0,0,0,1
1677859987691,1,1010123456002,78,,0,0,0,1,0,,9.56986,365,0,2.65274,106,0,6,,15.0106,94,0,1.00093,27,0,0,31.9293,31,,3806,3908,,0,0,0,1
1677859987941,1,1010123456002,78,,0,0,0,1,0,,9.66485,367,33,2.70464,104,0,6,,15.5234,128,0,1.74765,37,0,0,30.6199,31,,3985,4088,,0,0,0,1
1677859988191,1,1010123456002,78,,0,0,0,1,0,,9.06995,386,0,2.63248,110,0,6,,15.6102,118,0,1.65379,34,0,0,30.6395,31,,3906,3957,,0,0,0,1
1677859988441,1,1010123456002,78,,0,0,0,1,0,,8.84149,429,0,2.71629,123,0,6,,15.6746,126,0,1.76464,37,0,0,30.7231,31,,3941,4039,,0,0,0,1
1677859988691,1,1010123456002,78,,0,0,0,1,0,,9.40633,411,0,2.97917,121,0,6,,15.2941,85,0,0.965952,25,0,0,31.2917,31,,4290,4387,,0,0,0,1
1677859988941,1,1010123456002,78,,0,0,0,1,0,,9.24461,417,29,2.81734,117,0,6,,15.2977,131,0,1.68371,38,0,0,31.0177,31,,4258,4366,,0,0,0,1
1677859989191,1,1010123456002,78,,0,0,0,1,0,,9.5201,398,0,2.91219,116,0,6,,14.8947,76,1592,0.606272,22,0,0,32.5718,31,,4148,4238,,0,0,0,1
1677859989441,1,1010123456002,78,,0,0,0,1,0,,9.47301,389,0,2.80886,113,0,6,,15.113,115,0,1.27466,33,0,0,31.7527,31,,4039,4126,,0,0,0,1
1677859989691,1,1010123456002,78,,0,0,0,1,0,,9.30582,412,0,2.80291,117,0,6,,15.5281,89,0,1.20288,26,0,0,30.6945,31,,4126,4244,,0,0,0,1
1677859989941,1,1010123456002,78,,0,0,0,1,0,,9.72024,336,49,2.4472,91,0,6,,15.6111,144,0,1.98093,42,0,0,30.8382,31,,3777,3844,,0,0,0,1
1677859990191,1,1010123456002,78,,0,0,0,1,0,,9.28495,372,0,2.56602,106,0,6,,15.4312,109,0,1.36976,31,0,0,31.1536,31,,3793,3868,,0,0,0,1
1677859990441,1,1010123456002,78,,0,0,0,1,0,,9.38701,385,1203,2.77315,111,0,6,,15.6154,143,0,2.0561,42,0,0,30.6538,31,,4057,4142,,0,0,0,1
1677859990691,1,1010123456002,78,,0,0,0,1,0,,8.93067,375,0,2.58333,113,0,6,,15.4414,111,0,1.48518,32,0,0,31.0243,31,,3623,3724,,0,0,0,1
1677859990941,1,1010123456002,78,,0,0,0,1,0,,9.25743,404,1204,2.58342,111,0,6,,15.5726,117,0,1.59658,34,0,0,30.8801,31,,3929,4043,,0,0,0,1
1677859991191,1,1010123456002,78,,0,0,0,1,0,,9.13462,416,0,2.89018,123,0,6,,15.4865,111,0,1.43555,32,0,0,31.0213,31,,4105,4194,,0,0,0,1
1677859991441,1,1010123456002,78,,0,0,0,1,0,,9.40971,371,1127,2.56362,107,0,6,,15.3708,89,0,1.06003,26,0,0,31.3786,31,,3772,3846,,0,0,0,1
1677859991691,1,1010123456002,78,,0,0,0,1,0,,9.54032,372,0,2.74157,106,0,6,,15.6182,110,0,1.5439,32,0,0,30.6588,31,,4037,4096,,0,0,0,1
1677859991941,1,1010123456002,78,,0,0,0,1,0,,9.48541,377,383,2.57725,105,0,6,,15.3675,117,0,1.49946,34,0,0,31.1703,31,,3962,4042,,0,0,0,1
1677859992191,1,1010123456002,78,,0,0,0,1,0,,9.47927,386,25,2.78326,111,0,6,,15.558,138,1624,1.94054,40,0,0,30.7783,31,,3988,4086,,0,0,0,1
1677859992441,1,1010123456002,78,,0,0,0,1,0,,9.20202,396,229,2.51722,107,0,6,,15.3423,111,0,1.34509,32,0,0,31.2344,31,,3905,3984,,0,0,0,1
1677859992691,1,1010123456002,78,,0,0,0,1,0,,9.26097,433,1171,3.04746,131,0,6,,15.4186,86,0,0.990688,25,0,0,31.567,31,,4205,4305,,0,0,0,1
1677859992941,1,1010123456002,78,,0,0,0,1,0,,9.41414,396,4539,2.62685,109,0,6,,15.1954,87,0,0.85968,25,0,0,32.0275,31,,3950,4042,,0,0,0,1
1677859993191,1,1010123456002,78,,0,0,0,1,0,,9.6321,405,0,3.03517,119,0,6,,15.5985,132,0,1.88,38,0,0,30.4495,31,,4362,4456,,0,0,0,1
1677859993441,1,1010123456002,78,,0,0,0,1,0,,9.56065,371,101,2.51645,102,0,6,,15.4648,142,0,1.94058,41,0,0,30.7893,31,,3818,3878,,0,0,0,1
1677859993691,1,1010123456002,78,,0,0,0,1,0,,9.72394,355,0,2.7039,103,0,6,,15.2719,114,0,1.43622,33,0,0,31.1877,31,,3892,3979,,0,0,0,1
1677859993941,1,1010123456002,78,,0,0,0,1,0,,9.36529,386,167,2.55578,109,0,6,,15.6277,94,0,1.2456,27,0,0,30.7502,31,,3834,3920,,0,0,0,1
1677859994191,1,1010123456002,78,,0,0,0,1,0,,9.28646,384,1139,2.7783,111,0,6,,15.5859,99,0,1.2801,29,0,0,31.1309,31,,3972,4056,,0,0,0,1
1677859994441,1,1010123456002,78,,0,0,0,1,0,,9.50546,366,2317,2.62106,102,0,6,,15.2667,75,0,0.8056,22,0,0,31.7895,31,,4021,4089,,0,0,0,1
1677859994691,1,1010123456002,78,,0,0,0,1,0,,9.405,400,0,2.80803,115,0,6,,15.6994,163,137025,2.38758,47,0,0,30.5012,31,,4115,4194,,0,0,0,1
1677859994941,1,1010123456002,78,,0,0,0,1,0,,9.40351,399,0,2.86307,111,0,6,,15.7421,159,0,2.32922,46,0,0,30.5355,31,,4232,4286,,0,0,0,1
1677859995191,1,1010123456002,78,,0,0,0,1,0,,9.61772,395,0,2.88333,116,0,6,,15.4579,107,0,1.28682,31,0,0,31.2709,31,,4285,4361,,0,0,0,1
1677859995441,1,1010123456002,78,,0,0,0,1,0,,9.66925,387,1199,2.90509,112,0,6,,15.4248,113,0,1.33136,33,0,0,31.577,31,,4131,4242,,0,0,0,1
1677859995691,1,1010123456002,78,,0,0,0,1,0,,9.43959,389,0,2.82058,112,0,6,,15.1609,87,0,0.821408,25,0,0,32.4968,31,,4122,4200,,0,0,0,1
1677859995941,1,1010123456002,78,,0,0,0,1,0,,9.35264,397,1123,2.69357,109,0,6,,15.2837,141,0,1.84208,41,0,0,30.9646,31,,4109,4200,,0,0,0,1
1677859996191,1,1010123456002,78,,0,0,0,1,0,,9.37158,366,0,2.72557,110,0,6,,15.6565,131,0,1.84819,38,0,0,30.5774,31,,3838,3923,,0,0,0,1
1677859996441,1,1010123456002,78,,0,0,0,1,0,,9.16202,395,1375,2.65962,111,0,6,,15.4954,109,0,1.38982,32,0,0,30.9327,31,,4010,4111,,0,0,0,1
1677859996691,1,1010123456002,78,,0,0,0,1,0,,9.45626,423,0,3.00013,123,0,6,,15.5926,108,137025,1.51622,31,0,0,30.5555,31,,4277,4390,,0,0,0,1
1677859996941,1,1010123456002,78,,0,0,0,1,0,,9.21522,381,0,2.55946,107,0,6,,15.4602,113,0,1.38,33,0,0,31.2633,31,,3809,3901,,0,0,0,1
1677859997191,1,1010123456002,78,,0,0,0,1,0,,9.67977,356,0,2.72813,102,0,6,,15.4658,146,0,1.9216,42,0,0,31.0508,31,,4008,4061,,0,0,0,1
1677859997441,1,1010123456002,78,,0,0,0,1,0,,9.38843,363,25,2.78083,104,0,6,,15.7423,163,0,2.36982,47,0,0,30.5495,31,,4107,4166,,0,0,0,1
1677859997691,1,1010123456002,78,,0,0,0,1,0,,9.44054,370,1191,2.75206,108,0,6,,15.5347,101,137025,1.32816,29,0,0,31.0022,31,,3944,4023,,0,0,0,1
1677859997941,1,1010123456002,78,,0,0,0,1,0,,9.61782,348,0,2.53437,96,0,6,,15.7099,131,0,1.89411,38,0,0,30.4956,31,,3846,3902,,0,0,0,1
1677859998191,1,1010123456002,78,,0,0,0,1,0,,9.49451,364,3566,2.54774,101,0,6,,15.4455,110,0,1.39619,32,0,0,31.1629,31,,4004,4076,,0,0,0,1
1677859998441,1,1010123456002,78,,0,0,0,1,0,,9.08311,373,385,2.81526,109,0,5.83333,,15.1176,85,0,0.899264,25,0,0,32.0298,31,,4317,4390,,0,0,0,1
1677859998691,1,1010123456002,78,,0,0,0,1,0,,9.44762,420,0,3.03984,124,0,6,,15.5258,97,0,1.34835,28,0,0,30.5993,31,,4257,4326,,0,0,0,1
1677859998941,1,1010123456002,78,,0,0,0,1,0,,9.37467,379,0,2.62512,105,0,6,,15.092,87,0,0.922816,25,0,0,31.4992,31,,4011,4062,,0,0,0,1
1677859999191,1,1010123456002,78,,0,0,0,1,0,,9.56459,418,0,3.01664,121,0,6,,15.7705,122,0,1.80106,35,0,0,30.4487,31,,4343,4421,,0,0,0,1
1677859999441,1,1010123456002,78,,0,0,0,1,0,,9.27273,385,0,2.43862,111,0,6,,15.4182,110,0,1.40298,32,0,0,31.1353,31,,3504,3594,,0,0,0,1
1677859999691,1,1010123456002,78,,0,0,0,1,0,,9.12727,440,0,2.86899,122,0,6,,15.46,150,0,2.01194,43,0,0,30.9031,31,,4377,4458,,0,0,0,1
1677859999941,1,1010123456002,78,,0,0,0,1,0,,9.30216,417,49,2.76474,117,0,6,,15.6288,132,0,1.89219,38,0,0,30.6053,31,,4226,4315,,0,0,0,1
1677860000191,1,1010123456002,78,,0,0,0,1,0,,9.46939,392,0,2.81328,115,0,6,,15.7296,159,0,2.39818,46,0,0,30.3799,31,,4025,4121,,0,0,0,1
1677860000441,1,1010123456002,78,,0,0,0,1,0,,9.1699,412,2522,2.79434,119,0,6,,15.2982,114,0,1.47462,33,0,0,31.0627,31,,4109,4182,,0,0,0,1
1677860000691,1,1010123456002,78,,0,0,0,1,0,,9.61273,377,0,2.78506,109,0,6,,15.7481,135,0,1.92982,39,0,0,30.5355,31,,3983,4057,,0,0,0,1
1677860000941,1,1010123456002,78,,0,0,0,1,0,,9.3863,365,0,2.55693,106,0,6,,15.6567,134,135117,1.92294,39,0,0,30.5829,31,,3693,3786,,0,0,0,1
1677860001191,1,1010123456002,78,,0,0,0,1,0,,9.18721,438,0,2.9241,125,0,6,,15.6647,167,0,2.42064,48,0,0,30.4923,31,,4278,4393,,0,0,0,1
1677860001441,1,1010123456002,78,,0,0,0,1,0,,9.25381,394,411,2.49299,105,0,6,,15.5116,129,0,1.75744,37,0,0,30.8879,31,,3997,4064,,0,0,0,1
1677860001691,1,1010123456002,78,,0,0,0,1,0,,9.51884,345,0,2.63466,104,0,6,,15.4715,123,0,1.60915,35,0,0,30.9657,31,,3558,3638,,0,0,0,1
1677860001941,1,1010123456002,78,,0,0,0,1,0,,9.62712,413,1115,2.94832,117,0,6,,14.4783,69,0,0.49008,20,0,0,33.1075,31,,4388,4465,,0,0,0,1
1677860002191,1,1010123456002,78,,0,0,0,1,0,,9.55528,398,0,2.69318,112,0,6,,15.7293,133,0,1.9185,38,0,0,30.5039,31,,4009,4072,,0,0,0,1
1677860002441,1,1010123456002,78,,0,0,0,1,0,,9.20542,443,21,2.9351,125,0,6,,15.2314,121,0,1.45437,35,0,0,31.4432,31,,4363,4484,,0,0,0,1
1677860002691,1,1010123456002,78,,0,0,0,1,0,,9.61578,393,0,2.90278,116,0,6.16667,,15,55,135117,0.445856,16,0,0,32.5223,31,,4038,4114,,0,0,0,1
1677860002941,1,1010123456002,78,,0,0,0,1,0,,9.64439,374,3056,2.6575,103,0,6,,15.7614,197,0,2.98954,57,0,0,30.3868,31,,4192,4253,,0,0,0,1
1677860003191,1,1010123456002,78,,0,0,0,1,0,,9.62698,378,0,2.9647,113,0,6,,15.6837,98,0,1.43075,29,0,0,30.5646,31,,4089,4174,,0,0,0,1
1677860003441,1,1010123456002,78,,0,0,0,1,0,,9.10825,388,0,2.50448,108,0,6,,15.6383,141,0,2.03376,41,0,0,30.6177,31,,3787,3885,,0,0,0,1
1677860003691,1,1010123456002,78,,0,0,0,1,0,,9.40515,427,0,2.88122,125,0,6,,15.2444,90,0,1.01741,26,0,0,31.4738,31,,4171,4260,,0,0,0,1
1677860003941,1,1010123456002,78,,0,0,0,1,0,,9.73453,388,0,2.8769,113,0,6,,15.4336,113,0,1.45587,33,0,0,31.0466,31,,4156,4242,,0,0,0,1
1677860004191,1,1010123456002,78,,0,0,0,1,0,,9.73196,388,0,2.94797,108,0,6,,15.6807,166,0,2.44285,48,0,0,30.5321,31,,4328,4408,,0,0,0,1
1677860004441,1,1010123456002,78,,0,0,0,1,0,,9.09023,399,0,2.67437,116,0,6,,15.6033,121,0,1.77782,35,0,0,30.624,31,,3917,4001,,0,0,0,1
1677860004691,1,1010123456002,78,,0,0,0,1,0,,9.48346,393,83,2.75795,112,0,6,,15.2048,83,137025,0.934048,24,0,0,31.5199,31,,4046,4140,,0,0,0,1
1677860004941,1,1010123456002,78,,0,0,0,1,0,,9.24228,421,2213,2.58669,114,0,6,,15.7407,162,0,2.38083,47,0,0,30.6253,31,,4012,4135,,0,0,0,1
1677860005191,1,1010123456002,78,,0,0,0,1,0,,9.57215,395,0,2.95574,118,0,6,,15.2152,79,0,0.863488,23,0,0,31.6392,31,,4168,4238,,0,0,0,1
1677860005441,1,1010123456002,78,,0,0,0,1,0,,9.29787,376,2518,2.44928,102,0,6,,15.6413,92,0,1.25539,27,0,0,30.688,31,,3811,3893,,0,0,0,1
1677860005691,1,1010123456002,78,,0,0,0,1,0,,9.28912,377,0,2.75658,112,0,6,,15.5679,81,137025,1.00938,24,0,0,31.2325,31,,3854,3955,,0,0,0,1
1677860005941,1,1010123456002,78,,0,0,0,1,0,,8.87591,411,1115,2.72995,116,0,6,,15.539,141,0,1.96253,41,0,0,30.7298,31,,4061,4149,,0,0,0,1
1677860006191,1,1010123456002,78,,0,0,0,1,0,,9.18509,389,0,2.65885,113,0,6,,15.728,125,0,1.88074,36,0,0,30.4239,31,,3819,3929,,0,0,0,1
1677860006441,1,1010123456002,78,,0,0,0,1,0,,9.49445,360,25,2.5568,104,0,6,,15.755,200,0,3.04038,58,0,0,30.2692,31,,3787,3831,,0,0,0,1
1677860006691,1,1010123456002,78,,0,0,0,1,0,,9.43341,413,0,2.69642,112,0,6,,15.6214,140,0,1.92659,40,0,0,30.7007,31,,4186,4255,,0,0,0,1
1677860006941,1,1010123456002,78,,0,0,0,1,0,,9.54416,351,0,2.75251,105,0,6,,15.6667,135,0,1.88227,39,0,0,30.6556,31,,3843,3922,,0,0,0,1
1677860007191,1,1010123456002,78,,0,0,0,1,0,,9.68112,392,0,2.92045,113,0,6,,15.6338,71,0,0.957632,21,0,0,30.9526,31,,4214,4288,,0,0,0,1
1677860007441,1,1010123456002,78,,0,0,0,1,0,,9.35643,404,4935,2.70806,112,0,6,,14.5385,52,0,0.332352,15,0,0,33.5849,31,,4207,4279,,0,0,0,1
1677860007691,1,1010123456002,78,,0,0,0,1,0,,9.72871,317,0,2.57894,96,0,6,,15.6849,146,0,2.07773,42,0,0,30.592,31,,3593,3622,,0,0,0,1
1677860007941,1,1010123456002,78,,0,0,0,1,0,,9.95,400,0,3.23062,113,0,6,,15.3291,79,0,0.930176,23,0,0,31.4574,31,,4776,4871,,0,0,0,1
1677860008191,1,1010123456002,78,,0,0,0,1,0,,9.20936,406,81,2.84528,116,0,6,,15.3802,121,512,1.52538,35,0,0,31.275,31,,4195,4286,,0,0,0,1
1677860008441,1,1010123456002,78,,0,0,0,1,0,,9.56955,381,4615,2.67456,106,0,6,,15.4247,73,0,0.89184,21,0,0,31.1044,31,,4093,4174,,0,0,0,1
1677860008691,1,1010123456002,78,,0,0,0,1,0,,9.50769,390,0,2.92195,117,0,6,,15.6946,167,137025,2.4617,48,0,0,30.3468,31,,4113,4186,,0,0,0,1
1677860008941,1,1010123456002,78,,0,0,0,1,0,,9.65957,376,4839,2.61242,102,0,6,,15.4384,146,0,1.92176,42,0,0,31.0425,31,,4054,4117,,0,0,0,1
1677860009191,1,1010123456002,78,,0,0,0,1,0,,9.59474,380,0,2.8912,112,0,6,,15.7048,105,0,1.47667,30,0,0,30.5676,31,,4041,4147,,0,0,0,1
1677860009441,1,1010123456002,78,,0,0,0,1,0,,9.63003,373,0,2.56544,102,0,6,,15.5211,142,0,1.9664,41,0,0,30.8282,31,,4006,4093,,0,0,0,1
1677860009691,1,1010123456002,78,,0,0,0,1,0,,9.44744,371,0,2.76026,112,0,6,,15.784,125,0,1.84608,36,0,0,30.4516,31,,3788,3892,,0,0,0,1
1677860009941,1,1010123456002,78,,0,0,0,1,0,,9.27621,391,169,2.62928,105,0,6,,15.5496,131,0,1.87232,38,0,0,30.6541,31,,4113,4183,,0,0,0,1
1677860010191,1,1010123456002,78,,0,0,0,1,0,,9.42818,362,181,2.6591,109,0,6,,15.3171,82,0,0.947616,24,0,0,31.5246,31,,3688,3796,,0,0,0,1
1677860010441,1,1010123456002,78,,0,0,0,1,0,,9.21516,409,2269,2.57949,111,0,6,,15.0889,90,0,0.946784,26,0,0,31.6767,31,,3946,4045,,0,0,0,1
1677860010691,1,1010123456002,78,,0,0,0,1,0,,9.61995,371,0,2.85472,112,0,6,,15.186,86,0,1.00592,25,0,0,31.4491,31,,3985,4056,,0,0,0,1
1677860010941,1,1010123456002,78,,0,0,0,1,0,,9.02398,417,0,2.4975,116,0,6,,15.5436,149,0,2.01334,43,0,0,30.7381,31,,3816,3913,,0,0,0,1
1677860011191,1,1010123456002,78,,0,0,0,1,0,,9.26576,444,0,3.11414,129,0,6,,14.8182,44,0,0.360864,13,0,0,32.9384,31,,4479,4590,,0,0,0,1
1677860011441,1,1010123456002,78,,0,0,0,1,0,,9.63706,394,223,2.70573,107,0,6,,15.5436,149,0,2.0392,43,0,0,30.6898,31,,4207,4295,,0,0,0,1
1677860011691,1,1010123456002,78,,0,0,0,1,0,,9.6973,370,147,2.91827,108,0,6,,15.3361,119,137025,1.53213,34,0,0,31.1397,31,,4134,4229,,0,0,0,1
1677860011941,1,1010123456002,78,,0,0,0,1,0,,9.54848,361,77,2.60243,102,0,6,,15.5207,121,0,1.55718,35,0,0,30.8939,31,,3876,3955,,0,0,0,1
1677860012191,1,1010123456002,78,,0,0,0,1,0,,9.09231,390,0,2.89968,113,0,5.83333,,15.7795,127,0,1.91562,37,0,0,30.2401,31,,4348,4435,,0,0,0,1
1677860012441,1,1010123456002,78,,0,0,0,1,0,,9.32367,414,1411,2.83936,116,0,6,,15.0879,91,14599,0.962656,26,0,0,31.7062,31,,4321,4404,,0,0,0,1
1677860012691,1,1010123456002,78,,0,0,0,1,0,,9.60714,364,193,2.61043,104,0,6,,15.7101,138,0,1.9319,40,0,0,30.5318,31,,3820,3908,,0,0,0,1
1677860012941,1,1010123456002,78,,0,0,0,1,0,,9.3913,391,1267,2.83398,114,0,6,,15.1446,83,0,0.943712,24,0,0,31.4182,31,,4056,4150,,0,0,0,1
1677860013191,1,1010123456002,78,,0,0,0,1,0,,8.7881,420,177,2.65434,115,0,5.85714,,15.4359,117,0,1.54189,34,0,0,31.0411,31,,4465,4567,,0,0,0,1
1677860013441,1,1010123456002,78,,0,0,0,1,0,,9.73969,388,2436,2.94054,111,0,6.16667,,15.7927,164,0,2.45974,47,0,0,30.3155,31,,4104,4187,,0,0,0,1
1677860013691,1,1010123456002,78,,0,0,0,1,0,,9.43152,387,0,2.97485,119,0,6,,15.2111,90,0,0.996128,26,0,0,31.6472,31,,4067,4158,,0,0,0,1
1677860013941,1,1010123456002,78,,0,0,0,1,0,,9.39353,371,0,2.68189,104,0,6,,15.2222,117,0,1.43827,34,0,0,31.1617,31,,4011,4088,,0,0,0,1
1677860014191,1,1010123456002,78,,0,0,0,1,0,,9.45934,455,1576,3.0297,128,0,6,,14.7361,72,0,0.688352,21,0,0,32.2336,31,,4597,4669,,0,0,0,1
1677860014441,1,1010123456002,78,,0,0,0,1,0,,9.20852,446,33,2.77402,125,0,6,,15.1856,97,0,0.983488,28,0,0,32.016,31,,4143,4244,,0,0,0,1
1677860014691,1,1010123456002,78,,0,0,0,1,0,,9.53867,362,0,2.64909,109,0,6,,15.7698,139,137025,2.03261,40,0,0,30.4227,31,,3717,3776,,0,0,0,1
1677860014941,1,1010123456002,78,,0,0,0,1,0,,9.23925,372,0,2.56176,101,0,6,,15.7831,166,0,2.48016,48,0,0,30.3169,31,,3931,4003,,0,0,0,1
1677860015191,1,1010123456002,78,,0,0,0,1,0,,9.48257,373,0,2.75018,108,0,6,,15.791,177,0,2.6791,51,0,0,30.2755,31,,3969,4038,,0,0,0,1
1677860015441,1,1010123456002,78,,0,0,0,1,0,,8.91076,381,1191,2.55965,105,0,5.83333,,15.0244,82,0,0.907744,24,0,0,31.6718,31,,4341,4409,,0,0,0,1
1677860015691,1,1010123456002,78,,0,0,0,1,0,,9.37369,380,0,2.82621,114,0,6,,15.0533,75,0,0.7104,22,0,0,32.0602,31,,3898,3989,,0,0,0,1
1677860015941,1,1010123456002,78,,0,0,0,1,0,,9.5575,400,0,2.7223,110,0,6,,15.5565,115,0,1.55517,33,0,0,30.6715,31,,4197,4303,,0,0,0,1
1677860016191,1,1010123456002,78,,0,0,0,1,0,,9.71875,320,0,2.64368,97,0,6,,15.3711,97,0,1.23683,28,0,0,31.0708,31,,3671,3735,,0,0,0,1
1677860016441,1,1010123456002,78,,0,0,0,1,0,,9.43405,417,0,2.84669,115,0,6,,15.4173,139,0,1.90147,40,0,0,30.9441,31,,4365,4447,,0,0,0,1
1677860016691,1,1010123456002,78,,0,0,0,1,0,,9.44192,396,0,2.74486,113,0,6,,15.38,100,0,1.21091,29,0,0,31.2724,31,,4003,4106,,0,0,0,1
1677860016941,1,1010123456002,78,,0,0,0,1,0,,9.59645,394,0,2.75603,110,0,6,,14.9528,106,0,1.16762,31,0,0,31.7289,31,,4124,4225,,0,0,0,1
1677860017191,1,1010123456002,78,,0,0,0,1,0,,9.62236,331,1187,2.59533,100,0,6,,15.459,122,0,1.56986,35,0,0,31.0279,31,,3590,3674,,0,0,0,1
1677860017441,1,1010123456002,78,,0,0,0,1,0,,9.37561,410,9,2.68534,112,0,6,,14.8036,112,0,1.18019,32,0,0,31.8793,31,,4269,4354,,0,0,0,1
1677860017691,1,1010123456002,78,,0,0,0,1,0,,9.31383,376,0,2.76224,113,0,6,,15.4762,126,137025,1.62803,37,0,0,31.174,31,,3809,3895,,0,0,0,1
1677860017941,1,1010123456002,78,,0,0,0,1,0,,9.59585,386,0,2.59894,105,0,6,,15.8136,177,0,2.61491,51,0,0,30.3654,31,,3993,4072,,0,0,0,1
1677860018191,1,1010123456002,78,,0,0,0,1,0,,9.49351,385,0,2.82144,110,0,6,,15.2807,57,0,0.662016,17,0,0,31.6249,31,,4125,4205,,0,0,0,1
1677860018441,1,1010123456002,78,,0,0,0,1,0,,9.60827,411,2374,2.98598,116,0,6,,14.4211,76,0,0.576544,22,0,0,32.8256,31,,4410,4485,,0,0,0,1
1677860018691,1,1010123456002,78,,0,0,0,1,0,,9.25258,388,3282,2.78662,113,0,6,,14.1222,90,0,0.646528,26,0,0,33.0658,31,,3950,4035,,0,0,0,1
1677860018941,1,1010123456002,78,,0,0,0,1,0,,9.14318,440,0,2.87302,122,0,6,,15.215,107,0,1.23136,31,0,0,31.5597,31,,4381,4501,,0,0,0,1
1677860019191,1,1010123456002,78,,0,0,0,1,0,,9.43392,401,0,2.86211,119,0,6,,15.4688,96,0,1.17382,28,0,0,31.0721,31,,3985,4068,,0,0,0,1
1677860019441,1,1010123456002,78,,0,0,0,1,0,,9.27727,440,0,2.92582,123,0,6,,15.5,90,0,1.11686,26,0,0,31.1751,31,,4422,4525,,0,0,0,1
1677860019691,1,1010123456002,78,,0,0,0,1,0,,9.34332,367,0,2.71747,110,0,6,,14.875,80,0,0.749888,23,0,0,32.1913,31,,3792,3869,,0,0,0,1
1677860019941,1,1010123456002,78,,0,0,0,1,0,,9.78974,390,0,2.74864,104,0,6,,15.3922,102,0,1.24554,30,0,0,31.3631,31,,4302,4374,,0,0,0,1
1677860020191,1,1010123456002,78,,0,0,0,1,0,,9.84594,357,0,2.90237,106,0,6,,15.4884,129,0,1.67286,37,0,0,31.0161,31,,4110,4156,,0,0,0,1
1677860020441,1,1010123456002,78,,0,0,0,1,0,,9.75331,377,0,2.79574,105,0,6,,15.4228,123,0,1.56496,36,0,0,31.0848,31,,4291,4327,,0,0,0,1
1677860020691,1,1010123456002,78,,0,0,0,1,0,,9.27319,388,0,2.72038,113,0,6,,15.7376,141,0,2.01338,41,0,0,30.6454,31,,3879,3967,,0,0,0,1
1677860020941,1,1010123456002,78,,0,0,0,1,0,,9.32914,398,191,2.66141,112,0,6,,15.5268,112,0,1.40454,32,0,0,31.1463,31,,4024,4134,,0,0,0,1
1677860021191,1,1010123456002,78,,0,0,0,1,0,,9.03217,373,0,2.54854,108,0,6,,15.7941,102,0,1.54413,30,0,0,30.4007,31,,3647,3719,,0,0,0,1
1677860021441,1,1010123456002,78,,0,0,0,1,0,,9.06394,391,143,2.6231,112,0,6,,15.2128,94,0,1.08726,27,0,0,31.4439,31,,3919,4008,,0,0,0,1
1677860021691,1,1010123456002,78,,0,0,0,1,0,,9.58915,387,93,2.73827,108,0,6,,15.3864,88,0,1.09734,26,0,0,31.2588,31,,3991,4068,,0,0,0,1
1677860021941,1,1010123456002,78,,0,0,0,1,0,,9.6282,390,0,2.93366,116,0,6,,15.2472,89,0,1.04662,26,0,0,31.6426,31,,4211,4301,,0,0,0,1
1677860022191,1,1010123456002,78,,0,0,0,1,0,,9.66667,369,1355,2.77885,105,0,6,,15.3667,90,0,1.0023,26,0,0,31.8103,31,,4141,4187,,0,0,0,1
1677860022441,1,1010123456002,78,,0,0,0,1,0,,9.81915,376,0,2.87798,106,0,6,,15.4545,132,0,1.64512,38,0,0,31.2692,31,,4288,4355,,0,0,0,1
1677860022691,1,1010123456002,78,,0,0,0,1,0,,9.55085,354,57,2.60934,104,0,6,,15.0294,68,0,0.62992,20,0,0,32.0254,31,,3747,3813,,0,0,0,1
1677860022941,1,1010123456002,78,,0,0,0,1,0,,9.39535,387,0,2.72778,109,0,6,,15.3837,86,0,0.998112,25,0,0,31.4905,31,,4068,4154,,0,0,0,1
1677860023191,1,1010123456002,78,,0,0,0,1,0,,9.47753,356,1091,2.71386,103,0,6.14286,,15.4609,115,0,1.48435,33,0,0,30.8523,31,,3780,3885,,0,0,0,1
1677860023441,1,1010123456002,78,,0,0,0,1,0,,9.18984,374,2189,2.62694,107,0,6,,15.504,125,0,1.66349,36,0,0,30.957,31,,3865,3928,,0,0,0,1
1677860023691,1,1010123456002,78,,0,0,0,1,0,,9.36496,411,89,2.81421,114,0,6,,15.2778,90,0,1.00544,26,0,0,31.4981,31,,4299,4391,,0,0,0,1
1677860023941,1,1010123456002,78,,0,0,0,1,0,,9.47697,369,1115,2.71114,108,0,6,,14.9278,97,0,1.09238,28,0,0,31.7416,31,,3912,3994,,0,0,0,1
1677860024191,1,1010123456002,78,,0,0,0,1,0,,9.6281,363,0,2.80022,105,0,6,,15.1771,96,0,1.10797,28,0,0,31.6432,31,,4036,4077,,0,0,0,1
1677860024441,1,1010123456002,78,,0,0,0,1,0,,9.56728,379,2237,2.63264,108,0,6,,15.4382,89,0,1.07997,26,0,0,31.1445,31,,3827,3909,,0,0,0,1
1677860024691,1,1010123456002,78,,0,0,0,1,0,,9.85083,362,65,2.76451,102,0,6,,15.5043,117,146184,1.54192,34,0,0,30.9091,31,,4112,4173,,0,0,0,1
1677860024941,1,1010123456002,78,,0,0,0,1,0,,9.27221,349,0,2.45299,96,0,5.83333,,15.2889,90,135117,1.07286,26,0,0,31.2994,31,,3864,3949,,0,0,0,1
1677860025191,1,1010123456002,78,,0,0,0,1,0,,9.18047,338,0,2.41462,100,0,6,,15.44,100,0,1.20589,29,0,0,31.3642,31,,3384,3476,,0,0,0,1
1677860025441,1,1010123456002,78,,0,0,0,1,0,,9.70951,389,0,2.71133,107,0,6,,15.0632,95,0,1.04432,28,0,0,31.7468,31,,4246,4306,,0,0,0,1
1677860025691,1,1010123456002,78,,0,0,0,1,0,,9.60393,356,0,2.85891,109,0,6,,15.4045,89,0,1.1439,26,0,0,31.3085,31,,3846,3932,,0,0,0,1
1677860025941,1,1010123456002,78,,0,0,0,1,0,,8.85158,411,0,2.65446,115,0,6,,14.9355,62,0,0.53184,18,0,0,32.1919,31,,3920,4015,,0,0,0,1
1677860026191,1,1010123456002,78,,0,0,0,1,0,,9.23881,402,0,2.72125,114,0,6,,15.5078,128,0,1.70227,37,0,0,30.8417,31,,4019,4092,,0,0,0,1
1677860026441,1,1010123456002,78,,0,0,0,1,0,,9.40295,407,0,2.74557,115,0,6,,15.5667,150,0,2.08022,43,0,0,30.7565,31,,4130,4214,,0,0,0,1
1677860026691,1,1010123456002,78,,0,0,0,1,0,,9.45845,349,0,2.57827,103,0,6,,15.1765,68,0,0.64272,20,0,0,32.0141,31,,3730,3790,,0,0,0,1
1677860026941,1,1010123456002,78,,0,0,0,1,0,,9.54567,427,269,2.97066,121,0,6,,15.6284,148,0,2.1312,43,0,0,30.467,31,,4441,4555,,0,0,0,1
1677860027191,1,1010123456002,78,,0,0,0,1,0,,9.3034,412,0,2.75155,117,0,6,,15.3519,108,321,1.3639,31,0,0,31.2348,31,,4060,4144,,0,0,0,1
1677860027441,1,1010123456002,78,,0,0,0,1,0,,9.48499,433,0,3.12842,122,0,6,,15.3387,124,0,1.5968,36,0,0,31.1428,31,,4594,4698,,0,0,0,1
1677860027691,1,1010123456002,78,,0,0,0,1,0,,9.33875,369,21,2.56269,105,0,6.16667,,15.4752,101,0,1.23379,29,0,0,31.1635,31,,3741,3819,,0,0,0,1
1677860027941,1,1010123456002,78,,0,0,0,1,0,,9.33573,417,0,2.9439,123,0,6,,15.5752,113,0,1.57018,33,0,0,30.694,31,,4144,4241,,0,0,0,1
1677860028191,1,1010123456002,78,,0,0,0,1,0,,9.6738,374,1179,2.63856,105,0,6,,15.187,123,0,1.43821,36,0,0,31.487,31,,3949,4015,,0,0,0,1
1677860028441,1,1010123456002,78,,0,0,0,1,0,,9.39583,432,0,2.98966,125,0,6,,15.0841,107,0,1.2135,31,0,0,31.6422,31,,4334,4435,,0,0,0,1
1677860028691,1,1010123456002,78,,0,0,0,1,0,,9.44359,390,1131,2.72093,113,0,6,,15.5565,124,0,1.67002,36,0,0,30.8317,31,,3934,4018,,0,0,0,1
1677860028941,1,1010123456002,78,,0,0,0,1,0,,9.52542,413,1646,2.96058,116,0,6,,15.2549,102,0,1.17632,30,0,0,31.5548,31,,4506,4599,,0,0,0,1
1677860029191,1,1010123456002,78,,0,0,0,1,0,,9.57377,366,0,2.82499,107,0,6,,15.7556,180,7348,2.64845,52,0,0,30.4965,31,,3980,4057,,0,0,0,1
1677860029441,1,1010123456002,78,,0,0,0,1,0,,9.42857,378,0,2.76461,106,0,6,,14.7593,108,0,1.10125,31,0,0,32.1429,31,,4099,4169,,0,0,0,1
1677860029691,1,1010123456002,78,,0,0,0,1,0,,9.55586,367,0,2.54627,107,0,6,,15.4227,97,0,1.18941,28,0,0,30.8852,31,,3759,3820,,0,0,0,1
1677860029941,1,1010123456002,78,,0,0,0,1,0,,9.57949,390,0,2.81491,111,0,6,,15.3978,93,0,1.06045,27,0,0,31.6901,31,,4139,4215,,0,0,0,1
1677860030191,1,1010123456002,78,,0,0,0,1,0,,9.32021,381,2830,2.52067,105,0,6,,15.1589,107,0,1.23718,31,0,0,31.4055,31,,3874,3954,,0,0,0,1
1677860030441,1,1010123456002,78,,0,0,0,1,0,,9.80282,355,1187,2.7217,100,0,6,,15.2538,130,0,1.64915,38,0,0,31.1562,31,,4069,4144,,0,0,0,1
1677860030691,1,1010123456002,78,,0,0,0,1,0,,9.4005,397,1231,2.7425,113,0,6,,15.5495,91,0,1.11027,27,0,0,31.5028,31,,4015,4103,,0,0,0,1
1677860030941,1,1010123456002,78,,0,0,0,1,0,,9.72295,379,0,2.72458,104,0,6,,15.1132,106,91,1.256,31,0,0,31.3599,31,,4179,4244,,0,0,0,1
1677860031191,1,1010123456002,78,,0,0,0,1,0,,9.25956,366,1107,2.81088,110,0,6,,15.3118,93,0,1.08416,27,0,0,31.5739,31,,3793,3864,,0,0,0,1
1677860031441,1,1010123456002,78,,0,0,0,1,0,,9.54988,411,0,2.94608,118,0,6,,15.3609,169,0,2.2528,49,0,0,31.1056,31,,4347,4437,,0,0,0,1
1677860031691,1,1010123456002,78,,0,0,0,1,0,,9.624,375,9,2.54448,103,0,6,,15.6903,113,0,1.56349,33,0,0,30.5171,31,,3920,4007,,0,0,0,1
1677860031941,1,1010123456002,78,,0,0,0,1,0,,9.39628,376,25,2.80701,110,0,6,,14.9241,79,0,0.804928,23,0,0,32.1316,31,,3904,3963,,0,0,0,1
1677860032191,1,1010123456002,78,,0,0,0,1,0,,9.26,400,0,2.56211,110,0,6,,15.753,166,0,2.5121,48,0,0,30.3703,31,,3930,4012,,0,0,0,1
1677860032441,1,1010123456002,78,,0,0,0,1,0,,9.39655,406,0,2.80899,115,0,6,,14.9794,97,0,0.906656,28,0,0,32.286,31,,4115,4231,,0,0,0,1
1677860032691,1,1010123456002,78,,0,0,0,1,0,,9.37626,396,0,2.8759,116,0,6,,15.551,147,0,2.04678,43,0,0,30.7398,31,,4159,4238,,0,0,0,1
1677860032941,1,1010123456002,78,,0,0,0,1,0,,9.43577,397,195,2.70906,112,0,6,,14.8053,113,0,1.22307,33,0,0,31.7714,31,,4080,4152,,0,0,0,1
1677860033191,1,1010123456002,78,,0,0,0,1,0,,9.37713,411,0,2.86992,119,0,6,,15.2174,92,0,1.04938,27,0,0,31.4684,31,,4199,4259,,0,0,0,1
1677860033441,1,1010123456002,78,,0,0,0,1,0,,9.6893,383,1163,2.68704,106,0,6,,15.5109,137,0,1.74957,40,0,0,30.9872,31,,4043,4108,,0,0,0,1
1677860033691,1,1010123456002,78,,0,0,0,1,0,,9.40155,386,0,2.63875,112,0,6,,15.5469,128,0,1.68211,37,0,0,30.9701,31,,3849,3932,,0,0,0,1
1677860033941,1,1010123456002,78,,0,0,0,1,0,,9.57072,403,0,3.07501,118,0,6,,14.8468,111,0,1.25162,32,0,0,31.7762,31,,4348,4443,,0,0,0,1
1677860034191,1,1010123456002,78,,0,0,0,1,0,,9.60372,376,0,2.69882,105,0,6,,15.1842,76,0,0.751904,22,0,0,32.0706,31,,4143,4229,,0,0,0,1
1677860034441,1,1010123456002,78,,0,0,0,1,0,,9.12032,374,0,2.71226,111,0,6,,15.5149,134,0,1.70362,39,0,0,31.1183,31,,3708,3777,,0,0,0,1
1677860034691,1,1010123456002,78,,0,0,0,1,0,,9.01217,411,121,2.55299,113,0,6,,14.822,118,0,1.24614,34,0,0,31.9548,31,,4023,4115,,0,0,0,1
1677860034941,1,1010123456002,78,,0,0,0,1,0,,9.41344,387,0,2.8761,116,0,6,,15.3883,103,0,1.24893,30,0,0,31.2324,31,,3997,4064,,0,0,0,1
1677860035191,1,1010123456002,78,,0,0,0,1,0,,9.5788,368,1207,2.6847,105,0,6,,15.2328,116,0,1.40138,34,0,0,31.4369,31,,3935,4015,,0,0,0,1
1677860035441,1,1010123456002,78,,0,0,0,1,0,,9.4375,432,0,3.04445,125,0,6,,15.6818,154,0,2.15114,44,0,0,30.5315,31,,4383,4493,,0,0,0,1
1677860035691,1,1010123456002,78,,0,0,0,1,0,,8.75055,453,761,2.78573,121,0,5.83333,,15.7188,192,0,2.78736,55,0,0,30.4294,31,,4627,4725,,0,0,0,1
1677860035941,1,1010123456002,78,,0,0,0,1,0,,9.5,370,1103,2.79488,110,0,6,,15.5472,159,0,2.06214,46,0,0,30.8202,31,,3960,4054,,0,0,0,1
1677860036191,1,1010123456002,78,,0,0,0,1,0,,9.6615,387,2829,2.75955,107,0,6,,15.2222,117,0,1.33363,34,0,0,31.4229,31,,4139,4214,,0,0,0,1
1677860036441,1,1010123456002,78,,0,0,0,1,0,,9.44552,413,0,2.87398,118,0,6,,15.2714,140,0,1.83782,41,0,0,30.8364,31,,4214,4336,,0,0,0,1
1677860036691,1,1010123456002,78,,0,0,0,1,0,,9.44241,382,3494,2.75328,110,0,6,,15.6622,148,0,2.12189,43,0,0,30.4525,31,,4014,4116,,0,0,0,1
1677860036941,1,1010123456002,78,,0,0,0,1,0,,9.57682,371,77,2.68077,106,0,6,,15.5783,166,135738,2.28918,48,0,0,30.7101,31,,3896,3975,,0,0,0,1
1677860037191,1,1010123456002,78,,0,0,0,1,0,,9.51905,420,1207,3.00547,121,0,6,,15.7602,171,0,2.60992,49,0,0,30.074,31,,4398,4463,,0,0,0,1
1677860037441,1,1010123456002,78,,0,0,0,1,0,,9.5718,383,0,2.82365,111,0,6,,15.483,147,0,1.96224,42,0,0,30.5541,31,,4101,4164,,0,0,0,1
1677860037691,1,1010123456002,78,,0,0,0,1,0,,9.54178,371,233,2.63098,105,0,6,,15.6979,192,0,2.85062,55,0,0,30.3242,31,,3930,4005,,0,0,0,1
1677860037941,1,1010123456002,78,,0,0,0,1,0,,9.59504,363,0,2.7225,106,0,6,,15.6748,123,0,1.69485,36,0,0,30.7576,31,,3824,3893,,0,0,0,1
1677860038191,1,1010123456002,78,,0,0,0,1,0,,9.83574,347,1275,2.50304,97,0,6.14286,,15.6918,159,0,2.2736,46,0,0,30.7361,31,,3625,3735,,0,0,0,1
1677860038441,1,1010123456002,78,,0,0,0,1,0,,9.51786,392,0,2.84256,115,0,6,,15.1802,111,0,1.2695,32,0,0,31.4929,31,,4111,4193,,0,0,0,1
1677860038691,1,1010123456002,78,,0,0,0,1,0,,9.25,380,0,2.58445,106,0,6,,15.4348,138,0,1.77069,40,0,0,30.847,31,,3907,4001,,0,0,0,1
1677860038941,1,1010123456002,78,,0,0,0,1,0,,8.90887,417,0,2.81744,122,0,6,,15.1385,130,0,1.52698,37,0,0,31.1898,31,,4044,4135,,0,0,0,1
1677860039191,1,1010123456002,78,,0,0,0,1,0,,9.44703,387,0,2.66541,107,0,6,,15.4059,101,0,1.2304,29,0,0,31.053,31,,4044,4111,,0,0,0,1
1677860039441,1,1010123456002,78,,0,0,0,1,0,,9.51823,384,0,2.90912,114,0,6,,15.4118,153,0,1.93555,44,0,0,30.9309,31,,4143,4220,,0,0,0,1
1677860039691,1,1010123456002,78,,0,0,0,1,0,,9.00964,415,1632,2.68384,110,0,5.83333,,15.3403,144,0,1.89386,41,0,0,30.6901,31,,4585,4663,,0,0,0,1
1677860039941,1,1010123456002,78,,0,0,0,1,0,,9.30685,365,3430,2.64403,110,0,6,,15.6901,171,0,2.53571,50,0,0,30.3469,31,,3621,3704,,0,0,0,1
1677860040191,1,1010123456002,78,,0,0,0,1,0,,9.40806,397,1167,2.82602,113,0,6,,15.5484,155,0,2.09795,45,0,0,30.8445,31,,4107,4198,,0,0,0,1
1677860040441,1,1010123456002,78,,0,0,0,1,0,,9.61461,397,0,2.89917,117,0,6,,15.5403,124,0,1.61238,36,0,0,30.8377,31,,4189,4268,,0,0,0,1
1677860040691,1,1010123456002,78,,0,0,0,1,0,,9.495,400,0,2.60272,110,0,6,,15.4072,167,0,2.19965,48,0,0,30.8684,31,,4074,4142,,0,0,0,1
1677860040941,1,1010123456002,78,,0,0,0,1,0,,9.24768,432,0,2.94122,127,0,6,,15.4783,161,0,2.22525,46,0,0,30.522,31,,4131,4227,,0,0,0,1
1677860041191,1,1010123456002,78,,0,0,0,1,0,,9.52713,387,0,2.64432,109,0,6,,15.2766,94,0,0.998816,27,0,0,31.3518,31,,3958,4045,,0,0,0,1
1677860041441,1,1010123456002,78,,0,0,0,1,0,,9.35141,424,25,2.9128,124,0,6,,15.7818,165,0,2.46986,48,0,0,30.3547,31,,4203,4295,,0,0,0,1
1677860041691,1,1010123456002,78,,0,0,0,1,0,,9.58457,337,2285,2.45082,93,0,6,,15.186,129,582,1.41386,37,0,0,31.3649,31,,3665,3713,,0,0,0,1
1677860041941,1,1010123456002,78,,0,0,0,1,0,,9.72362,398,0,3.02563,117,0,6,,15.557,149,0,1.9904,43,0,0,30.7269,31,,4396,4471,,0,0,0,1
1677860042191,1,1010123456002,78,,0,0,0,1,0,,9.24466,421,249,2.7105,118,0,6,,15.3475,141,1132,1.78554,40,0,0,30.9284,31,,4070,4152,,0,0,0,1
1677860042441,1,1010123456002,78,,0,0,0,1,0,,9.33962,424,0,2.89258,123,0,6,,15.5212,165,0,2.2463,48,0,0,30.8198,31,,4143,4255,,0,0,0,1
1677860042691,1,1010123456002,78,,0,0,0,1,0,,9.47382,382,113,2.69632,106,0,6,,15.4277,173,0,2.43338,50,0,0,30.6582,31,,4113,4203,,0,0,0,1
1677860042941,1,1010123456002,78,,0,0,0,1,0,,9.33674,392,0,2.73357,117,0,6,,15.4454,119,0,1.50989,34,0,0,30.8508,31,,3794,3886,,0,0,0,1
1677860043191,1,1010123456002,78,,0,0,0,1,0,,9.08163,392,1232,2.5857,107,0,6,,15.36,125,0,1.57216,36,0,0,31.0537,31,,4093,4133,,0,0,0,1
1677860043441,1,1010123456002,78,,0,0,0,1,0,,9.28841,371,0,2.56608,104,0,6,,15.5638,149,0,2.01139,43,0,0,30.8036,31,,3900,3973,,0,0,0,1
1677860043691,1,1010123456002,78,,0,0,0,1,0,,9.14212,387,0,2.87331,117,0,6,,15.27,100,137281,1.1111,29,0,0,31.266,31,,3826,3926,,0,0,0,1
1677860043941,1,1010123456002,78,,0,0,0,1,0,,9.74065,401,0,2.83802,110,0,6,,15.5682,176,0,2.48874,51,0,0,30.663,31,,4403,4486,,0,0,0,1
1677860044191,1,1010123456002,78,,0,0,0,1,0,,9.5796,402,2422,3.01059,115,0,6,,15.4392,148,2127,2.09376,43,0,0,30.5552,31,,4317,4409,,0,0,0,1
1677860044441,1,1010123456002,78,,0,0,0,1,0,,9.32346,405,0,2.90544,117,0,6,,15.3788,132,0,1.76202,38,0,0,30.7791,31,,4193,4266,,0,0,0,1
1677860044691,1,1010123456002,78,,0,0,0,1,0,,9.65979,388,921,2.70682,106,0,6,,15.503,165,0,2.2271,47,0,0,30.8325,31,,4304,4370,,0,0,0,1
1677860044941,1,1010123456002,78,,0,0,0,1,0,,9.3232,362,0,2.688,107,0,6,,15.5924,157,0,2.00394,45,8.88889,0,27.4357,31,,3710,3799,,0,0,0,1.9172
1677860045191,1,1010123456002,78,,0,0,0,1,0,,9.47085,446,2600,3.1048,129,0,6,,15.2564,156,0,2.01878,45,0,0,30.8095,31,,4633,4751,,0,0,0,1
1677860045441,1,1010123456002,78,,0,0,0,1,0,,9.4918,366,0,2.79642,109,0,6,,15.5342,146,148092,1.97389,42,0,0,31.0182,31,,3868,3941,,0,0,0,1
1677860045691,1,1010123456002,78,,0,0,0,1,0,,9.47011,368,6114,2.46742,101,0,6,,15.1484,128,0,1.50826,37,0,0,31.4043,31,,3813,3907,,0,0,0,1
1677860045941,1,1010123456002,78,,0,0,0,1,0,,9.63733,375,0,2.90179,111,0,6,,15.4848,132,0,1.75443,38,0,0,30.6538,31,,4061,4142,,0,0,0,1
1677860046191,1,1010123456002,78,,0,0,0,1,0,,9.30695,417,0,2.62998,113,0,6,,15.5875,160,1326,2.18934,46,0,0,30.6902,31,,4104,4217,,0,0,0,1
1677860046441,1,1010123456002,78,,0,0,0,1,0,,9.65027,366,0,2.8319,110,0,6.16667,,15.5487,113,0,1.43302,33,0,0,30.9393,31,,3777,3892,,0,0,0,1
1677860046691,1,1010123456002,78,,0,0,0,1,0,,9.49219,384,0,2.62406,105,0,6,,15.6059,170,0,2.48422,49,0,0,30.4947,31,,4060,4158,,0,0,0,1
1677860046941,1,1010123456002,78,,0,0,0,1,0,,9.20492,366,0,2.54752,106,0,6,,15.4868,152,0,2.07011,44,0,0,30.669,31,,3733,3804,,0,0,0,1
1677860047191,1,1010123456002,78,,0,0,0,1,0,,9.88315,368,0,2.90442,107,0,6,,15.3013,156,0,2.05853,45,0,0,30.8738,31,,4200,4270,,0,0,0,1
1677860047441,1,1010123456002,78,,0,0,0,1,0,,9.29923,391,0,2.84093,113,0,6,,15.4968,157,0,2.09619,45,0,0,30.7242,31,,4037,4104,,0,0,0,1
1677860047691,1,1010123456002,78,,0,0,0,1,0,,9.17722,395,451,2.46838,107,0,6,,15.6605,162,0,2.32282,47,0,0,30.5508,31,,3913,3975,,0,0,0,1
1677860047941,1,1010123456002,78,,0,0,0,1,0,,8.83733,375,0,2.61078,113,0,6,,15.475,160,0,2.27562,46,0,0,30.5102,31,,3568,3638,,0,0,0,1
1677860048191,1,1010123456002,78,,0,0,0,1,0,,9.62842,366,0,2.62394,102,0,6,,15.4082,147,0,1.87168,42,0,0,30.9578,31,,4010,4072,,0,0,0,1
1677860048441,1,1010123456002,78,,0,0,0,1,0,,9.42222,360,287,2.4568,100,0,6,,15.486,107,0,1.31994,31,0,0,31.0488,31,,3769,3819,,0,0,0,1
1677860048691,1,1010123456002,78,,0,0,0,1,0,,9.70171,409,1203,3.20339,119,0,6,,15.1511,139,0,1.77869,40,0,0,30.8701,31,,4564,4633,,0,0,0,1
1677860048941,1,1010123456002,78,,0,0,0,1,0,,9.59214,407,0,2.97968,116,0,6,,15.5462,119,0,1.588,35,0,0,30.9507,31,,4360,4421,,0,0,0,1
1677860049191,1,1010123456002,78,,0,0,0,1,0,,9.71015,414,0,2.92896,115,0,6,,15.6023,171,2127,2.37213,49,0,0,30.5179,31,,4534,4618,,0,0,0,1
1677860049441,1,1010123456002,78,,0,0,0,1,0,,8.91262,412,1223,2.94067,121,0,5.83333,,15.4318,132,0,1.6809,38,0,0,30.9596,31,,4387,4467,,0,0,0,1
1677860049691,1,1010123456002,78,,0,0,0,1,0,,9.58718,390,2798,2.81363,110,0,6,,15.2745,102,0,1.21139,30,0,0,31.4301,31,,4235,4308,,0,0,0,1
1677860049941,1,1010123456002,78,,0,0,0,1,0,,9.22276,413,0,2.8753,121,0,6,,15.178,118,135117,1.38128,34,0,0,31.1155,31,,4003,4100,,0,0,0,1
1677860050191,1,1010123456002,78,,0,0,0,1,0,,9.48821,424,0,2.91776,118,0,6,,15.691,178,0,2.57907,51,0,0,30.4669,31,,4488,4578,,0,0,0,1
1677860050441,1,1010123456002,78,,0,0,0,1,0,,9.47191,356,0,2.65866,106,0,5.83333,,15.5449,156,0,2.09683,45,0,0,30.8258,31,,3784,3850,,0,0,0,1
1677860050691,1,1010123456002,78,,0,0,0,1,0,,9.27666,347,0,2.56614,99,0,6,,15.6133,150,0,2.0831,43,0,0,30.6618,31,,3928,3989,,0,0,0,1
1677860050941,1,1010123456002,78,,0,0,0,1,0,,9.78297,364,0,2.77651,106,0,6,,15.695,141,0,2.05059,41,0,0,30.4303,31,,4018,4065,,0,0,0,1
1677860051191,1,1010123456002,78,,0,0,0,1,0,,9.60917,371,139,2.51802,99,0,6,,15.551,147,0,2.03062,43,0,0,30.8581,31,,3939,4005,,0,0,0,1
1677860051441,1,1010123456002,78,,0,0,0,1,0,,9.60167,359,113,2.70864,109,0,6,,15.3782,156,0,2.03117,45,0,0,30.8675,31,,3841,3913,,0,0,0,1
1677860051691,1,1010123456002,78,,0,0,0,1,0,,9.7282,390,0,2.65978,104,0,6,,15.4783,161,0,2.19725,46,0,0,30.6886,31,,4237,4281,,0,0,0,1
1677860051941,1,1010123456002,78,,0,0,0,1,0,,9.38903,383,2189,2.81715,115,0,6,,15.4488,127,0,1.64704,37,0,0,30.8101,31,,3903,3982,,0,0,0,1
1677860052191,1,1010123456002,78,,0,0,0,1,0,,8.8046,435,0,2.8289,122,0,5.85714,,15.4317,183,0,2.21738,52,0,0,31.041,31,,4500,4590,,0,0,0,1
1677860052441,1,1010123456002,78,,0,0,0,1,0,,9.47487,398,0,2.86928,118,0,6,,15.4959,123,0,1.63501,36,0,0,30.8899,31,,4111,4192,,0,0,0,1
1677860052691,1,1010123456002,78,,0,0,0,1,0,,9.85204,392,544,2.7183,105,0,6,,15.6643,143,0,2.04864,41,0,0,30.5732,31,,4359,4431,,0,0,0,1
1677860052941,1,1010123456002,78,,0,0,0,1,0,,9.6087,391,73,2.98371,117,0,6.16667,,15.4603,126,0,1.67962,36,0,0,30.6814,31,,4011,4136,,0,0,0,1
1677860053191,1,1010123456002,78,,0,0,0,1,0,,9.78068,383,0,2.8687,108,0,6.14286,,15.4225,142,1101,1.8025,41,0,0,31.0391,31,,4234,4322,,0,0,0,1
1677860053441,1,1010123456002,78,,0,0,0,1,0,,9.68546,337,0,2.62173,98,0,6,,15.0254,118,0,1.40304,34,0,0,31.233,31,,3705,3778,,0,0,0,1
1677860053691,1,1010123456002,78,,0,0,0,1,0,,9.61155,381,0,2.69526,107,0,6,,15.6216,185,0,2.62128,53,0,0,30.6085,31,,4075,4154,,0,0,0,1
1677860053941,1,1010123456002,78,,0,0,0,1,0,,9.35549,346,0,2.5584,103,0,6,,15.4173,139,0,1.78461,40,0,0,30.8918,31,,3616,3697,,0,0,0,1
1677860054191,1,1010123456002,78,,0,0,0,1,0,,9.38642,383,512,2.51226,101,0,6,,15.4135,133,0,1.63782,38,0,0,31.0423,31,,4005,4101,,0,0,0,1
1677860054441,1,1010123456002,78,,0,0,0,1,0,,9.41177,357,0,2.61715,103,0,6,,15.378,127,0,1.58102,37,0,0,31.0167,31,,3761,3848,,0,0,0,1
1677860054691,1,1010123456002,78,,0,0,0,1,0,,9.44197,405,1195,2.83213,117,0,6,,15.5062,162,0,2.12285,47,0,0,30.8339,31,,4099,4183,,0,0,0,1
1677860054941,1,1010123456002,78,,0,0,0,1,0,,9.22348,443,1099,3.07798,131,0,6,,15.3975,161,135117,2.1481,46,0,0,30.8391,31,,4334,4449,,0,0,0,1
1677860055191,1,1010123456002,78,,0,0,0,1,0,,9.30843,415,49,2.73283,114,0,6,,15.5371,175,0,2.39619,50,0,0,30.7357,31,,4329,4406,,0,0,0,1
1677860055441,1,1010123456002,78,,0,0,0,1,0,,9.28974,390,0,2.81862,117,0,6,,15.2388,134,0,1.6319,39,0,0,31.0938,31,,3826,3928,,0,0,0,1
1677860055691,1,1010123456002,78,,0,0,0,1,0,,9.45823,419,0,2.88083,115,0,6,,15.5473,148,0,1.99853,43,0,0,30.6897,31,,4405,4494,,0,0,0,1
1677860055941,1,1010123456002,78,,0,0,0,1,0,,9.71105,353,37,2.78579,102,0,6,,15.4258,155,137025,2.06048,45,0,0,30.9231,31,,4016,4075,,0,0,0,1
1677860056191,1,1010123456002,78,,0,0,0,1,0,,9.42448,384,0,2.57101,108,0,6,,15.1288,132,1326,1.62957,38,0,0,31.315,31,,3869,3944,,0,0,0,1
1677860056441,1,1010123456002,78,,0,0,0,1,0,,9.38108,370,0,2.66995,111,0,6,,15.287,115,1326,1.38246,33,0,0,31.0167,31,,3735,3804,,0,0,0,1
1677860056691,1,1010123456002,78,,0,0,0,1,0,,9.45088,397,109,2.70227,107,0,6,,15.7381,168,0,2.43885,48,0,0,30.3681,31,,4215,4324,,0,0,0,1
1677860056941,1,1010123456002,78,,0,0,0,1,0,,9.3545,378,0,2.8129,114,0,6,,15.5933,150,0,2.07168,43,0,0,30.829,31,,3856,3934,,0,0,0,1
1677860057191,1,1010123456002,78,,0,0,0,1,0,,9.53826,379,0,2.58528,104,0,6,,15.6105,172,0,2.38426,50,0,0,30.723,31,,4018,4088,,0,0,0,1
1677860057441,1,1010123456002,78,,0,0,0,1,0,,9.38918,388,0,2.7688,112,0,6,,15.4894,141,0,1.83069,41,0,0,31.0074,31,,3916,4038,,0,0,0,1
1677860057691,1,1010123456002,78,,0,0,0,1,0,,9.30751,426,0,2.70298,119,0,6,,15.2857,133,0,1.62355,39,0,0,31.1818,31,,4129,4206,,0,0,0,1
1677860057941,1,1010123456002,78,,0,0,0,1,0,,9.69459,370,275,2.86794,106,0,6,,15.625,136,0,1.90374,39,0,0,30.8201,31,,4138,4220,,0,0,0,1
1677860058191,1,1010123456002,78,,0,0,0,1,0,,9.40964,415,223,2.91885,117,0,6,,15.8698,169,0,2.66266,49,0,0,30.0142,31,,4319,4391,,0,0,0,1
1677860058441,1,1010123456002,78,,0,0,0,1,0,,9.15405,383,0,2.8072,115,0,6,,15.4088,137,0,1.68781,40,0,0,31.2402,31,,3956,4054,,0,0,0,1
1677860058691,1,1010123456002,78,,0,0,0,1,0,,9.47507,381,0,2.6879,109,0,6,,15.3197,147,0,1.90618,42,0,0,30.7909,31,,3916,4025,,0,0,0,1
1677860058941,1,1010123456002,78,,0,0,0,1,0,,9.36528,386,0,2.79725,113,0,6,,15.5704,135,0,1.85552,39,0,0,30.6033,31,,4038,4141,,0,0,0,1
1677860059191,1,1010123456002,78,,0,0,0,1,0,,9.36104,385,331,2.54899,102,0,6,,15.539,154,0,2.15446,45,0,0,30.63,31,,4117,4190,,0,0,0,1
1677860059441,1,1010123456002,78,,0,0,0,1,0,,9.5359,390,133,2.87334,114,0,6,,15.7385,195,0,2.94083,56,0,0,30.1228,31,,4089,4156,,0,0,0,1
1677860059691,1,1010123456002,78,,0,0,0,1,0,,9.15496,413,0,2.73443,117,0,6,,15.4545,121,0,1.51862,35,0,0,31.0282,31,,3925,4021,,0,0,0,1
1677860059941,1,1010123456002,78,,0,0,0,1,0,,9.34091,396,105,2.68086,114,0,6,,15.5294,119,0,1.61853,34,0,0,30.763,31,,3965,4053,,0,0,0,1
1677860060191,1,1010123456002,78,,0,0,0,1,0,,9.15047,432,516,2.8081,121,0,6,,15.5461,152,706,2.0199,44,0,0,30.686,31,,4251,4333,,0,0,0,1
1677860060441,1,1010123456002,78,,0,0,0,1,0,,9.14321,405,0,2.81898,118,0,6,,15.4474,114,0,1.4143,33,0,0,30.9487,31,,3946,4058,,0,0,0,1
1677860060691,1,1010123456002,78,,0,0,0,1,0,,9.40786,407,0,2.70496,114,0,6,,15.6034,116,0,1.53398,33,0,0,30.7181,31,,4084,4161,,0,0,0,1
1677860060941,1,1010123456002,78,,0,0,0,1,0,,9.576,375,0,2.79907,111,0,6,,15.4694,147,0,1.95213,42,0,0,30.8303,31,,3984,4041,,0,0,0,1
1677860061191,1,1010123456002,78,,0,0,0,1,0,,9.38522,379,1119,2.6585,105,0,6,,15.4457,175,0,2.39427,50,0,0,30.8843,31,,3975,4030,,0,0,0,1
1677860061441,1,1010123456002,78,,0,0,0,1,0,,9.6325,400,0,2.91078,116,0,6,,15.368,125,0,1.47283,36,0,0,31.3741,31,,4197,4267,,0,0,0,1
1677860061691,1,1010123456002,78,,0,0,0,1,0,,9.50278,360,0,2.55165,102,0,6,,15.3443,122,0,1.49171,35,0,0,31.1277,31,,3821,3878,,0,0,0,1
1677860061941,1,1010123456002,78,,0,0,0,1,0,,9.58961,385,3470,2.86534,108,0,6,,14.9237,118,0,1.27843,34,0,0,31.8548,31,,4255,4332,,0,0,0,1
1677860062191,1,1010123456002,78,,0,0,0,1,0,,9.62435,386,0,2.84054,109,0,6,,15.681,163,0,2.39456,47,0,0,30.2525,31,,4194,4291,,0,0,0,1
1677860062441,1,1010123456002,78,,0,0,0,1,0,,8.84304,395,0,2.60838,114,0,6,,15.4211,152,0,2.02768,44,0,0,30.861,31,,3711,3806,,0,0,0,1
1677860062691,1,1010123456002,78,,0,0,0,1,0,,9.31616,427,0,2.73523,119,0,6,,15.7246,167,0,2.37578,48,0,0,30.4769,31,,4281,4351,,0,0,0,1
1677860062941,1,1010123456002,78,,0,0,0,1,0,,9.23873,377,1163,2.69866,111,0,6,,14.5979,97,0,1.01437,28,0,0,31.7709,31,,3805,3869,,0,0,0,1
1677860063191,1,1010123456002,78,,0,0,0,1,0,,9.83914,373,0,2.91898,106,0,6,,15.2256,164,234,2.2039,47,0,0,30.8503,31,,4243,4331,,0,0,0,1
1677860063441,1,1010123456002,78,,0,0,0,1,0,,9.41943,422,1115,2.9392,119,0,6,,15.5281,178,0,2.35078,51,0,0,30.8761,31,,4416,4525,,0,0,0,1
1677860063691,1,1010123456002,78,,0,0,0,1,0,,9.53353,343,1379,2.56736,99,0,6,,15.1607,112,0,1.17043,32,0,0,31.8274,31,,3762,3827,,0,0,0,1
1677860063941,1,1010123456002,78,,0,0,0,1,0,,9.56072,387,0,2.83597,111,0,6,,15.6209,153,0,2.12768,44,0,0,30.5952,31,,4127,4196,,0,0,0,1
1677860064191,1,1010123456002,78,,0,0,0,1,0,,9.14988,427,0,2.81747,120,0,6,,15.5441,136,0,1.8713,39,0,0,30.6061,31,,4305,4382,,0,0,0,1
1677860064441,1,1010123456002,78,,0,0,0,1,0,,9.34737,380,0,2.71802,110,0,6,,15.6296,162,0,2.22387,47,0,0,30.6162,31,,3878,3961,,0,0,0,1
1677860064691,1,1010123456002,78,,0,0,0,1,0,,9.2775,400,0,2.85744,114,0,6,,15.6995,213,0,3.16416,61,0,0,30.3143,31,,4144,4223,,0,0,0,1
1677860064941,1,1010123456002,78,,0,0,0,1,0,,9.33858,381,268,2.51302,106,0,6,,15.6806,144,0,2.06272,42,0,0,30.481,31,,3870,3974,,0,0,0,1
1677860065191,1,1010123456002,78,,0,0,0,1,0,,9.36869,396,1590,2.73142,113,0,6,,15.7031,128,0,1.80502,37,0,0,30.4302,31,,4168,4225,,0,0,0,1
1677860065441,1,1010123456002,78,,0,0,0,1,0,,9.89628,376,2596,3.08752,113,0,6,,15.554,139,0,1.84992,40,0,0,30.7838,31,,4233,4304,,0,0,0,1
1677860065691,1,1010123456002,78,,0,0,0,1,0,,9.46867,399,0,2.62387,111,0,6,,15.8235,170,0,2.64163,49,0,0,30.1458,31,,3893,3950,,0,0,0,1
1677860065941,1,1010123456002,78,,0,0,0,1,0,,9.49268,410,0,2.87578,118,0,6,,15.7519,133,0,1.87267,38,0,0,30.5839,31,,4209,4302,,0,0,0,1
1677860066191,1,1010123456002,78,,0,0,0,1,0,,9.53763,372,0,2.62662,106,0,6,,14.9706,34,0,0.277056,10,0,0,32.4311,31,,3970,4056,,0,0,0,1
1677860066441,1,1010123456002,78,,0,0,0,1,0,,9.41645,389,1099,2.78742,112,0,6,,15.2885,52,0,0.62896,15,0,0,31.3387,31,,4015,4086,,0,0,0,1
1677860066691,1,1010123456002,78,,0,0,0,1,0,,9.23577,369,0,2.72851,106,0,6,,15.3571,56,0,0.670784,16,0,0,31.4961,31,,3923,3971,,0,0,0,1
1677860066941,1,1010123456002,78,,0,0,0,1,0,,9.13074,283,0,1.94077,82,0,6,,13.75,20,0,0.1,6,0,0,35.1392,31,,2869,2959,,0,0,0,1
1677860067191,1,1010123456002,78,,0,0,0,1,0,,7.5125,80,0,0.419808,25,0,6,,14.4,45,0,0.170272,13,0,0,34.2962,31,,519,616,,0,0,0,1
1677860067441,1,1010123456002,78,,0,0,0,1,0,,7.09524,42,0,0.128192,12,0,6,,15.6562,128,0,1.74054,37,0,0,30.6957,31,,191,237,,0,0,0,1
1677860067691,1,1010123456002,78,,0,0,0,1,0,,7.11111,54,103,0.166496,15,0,6,,14.9208,101,0,1.06438,29,0,0,31.7341,31,,253,310,,0,0,0,1
1677860067941,1,1010123456002,78,,0,0,0,1,0,,9.0101,198,0,1.20093,57,0,6,,15.5573,131,0,1.72554,38,0,0,30.9029,31,,1760,1833,,0,0,0,1
1677860068191,1,1010123456002,78,,0,0,0,1,0,,9.63361,363,0,2.62259,104,0,6,,15.5704,135,0,1.88819,39,0,0,30.8092,31,,3866,3946,,0,0,0,1
1677860068441,1,1010123456002,78,,0,0,0,1,0,,9.7942,379,0,2.80301,108,0,6,,15.3049,82,0,0.88208,24,0,0,31.7728,31,,4148,4211,,0,0,0,1
1677860068691,1,1010123456002,78,,0,0,0,1,0,,9.18931,449,0,2.86016,124,0,6,,15.7904,167,0,2.49296,48,0,0,30.3675,31,,4441,4531,,0,0,0,1
1677860068941,1,1010123456002,78,,0,0,0,1,0,,9.31604,424,0,2.88682,123,0,6,,15.3398,103,0,1.29648,30,0,0,31.2659,31,,4083,4181,,0,0,0,1
1677860069191,1,1010123456002,78,,0,0,0,1,0,,9.58808,386,0,2.91654,116,0,6,,15.6271,118,0,1.73677,34,0,0,30.5992,31,,4124,4216,,0,0,0,1
1677860069441,1,1010123456002,78,,0,0,0,1,0,,9.4065,369,0,2.45661,103,0,6,,13.5882,34,0,0.130432,10,0,0,34.177,31,,3684,3769,,0,0,0,1
1677860069691,1,1010123456002,78,,0,0,0,1,0,,9.46954,394,1191,2.57283,107,0,6,,15.3645,107,0,1.26582,31,0,0,31.5372,31,,4009,4094,,0,0,0,1
1677860069941,1,1010123456002,78,,0,0,0,1,0,,9.26118,425,49,3.04624,121,0,6,,15.7099,131,0,1.80038,38,0,0,30.6916,31,,4387,4481,,0,0,0,1
1677860070191,1,1010123456002,78,,0,0,0,1,0,,9.35156,384,0,2.73494,114,0,6,,15.5942,138,0,1.80819,40,0,0,31.0638,31,,3931,4014,,0,0,0,1
1677860070441,1,1010123456002,78,,0,0,0,1,0,,9.29557,406,1836,2.56874,111,0,6,,14.5532,47,0,0.252992,14,0,0,33.6706,31,,4058,4168,,0,0,0,1
1677860070691,1,1010123456002,78,,0,0,0,1,0,,9.67989,378,0,3.00384,114,0,6,,15.3125,112,137025,1.2873,32,0,0,31.5036,31,,4036,4124,,0,0,0,1
1677860070941,1,1010123456002,78,,0,0,0,1,0,,9.19624,372,0,2.44858,105,0,6,,14.5581,86,0,0.723808,25,0,0,33.2008,31,,3653,3750,,0,0,0,1
1677860071191,1,1010123456002,78,,0,0,0,1,0,,9.38501,387,0,2.67146,110,0,6,,14.0328,61,512,0.224576,18,0,0,34.7469,31,,4060,4123,,0,0,0,1
1677860071441,1,1010123456002,78,,0,0,0,1,0,,9.44987,389,6103,2.84765,115,0,6,,14.5663,83,0,0.723008,24,0,0,32.7169,31,,3997,4091,,0,0,0,1
1677860071691,1,1010123456002,78,,0,0,0,1,0,,9.37778,405,0,2.79811,116,0,6,,14.9474,76,0,0.703104,22,0,0,32.5565,31,,4143,4218,,0,0,0,1
1677860071941,1,1010123456002,78,,0,0,0,1,0,,8.9443,395,443,2.56755,106,0,6,,15.3738,107,1624,1.29386,31,0,0,31.4118,31,,4154,4255,,0,0,0,1
1677860072191,1,1010123456002,78,,0,0,0,1,0,,9.34752,423,0,2.95478,127,0,6,,15.6475,122,0,1.73821,35,0,0,30.6353,31,,4162,4236,,0,0,0,1
1677860072441,1,1010123456002,78,,0,0,0,1,0,,9.31688,385,3618,2.64954,110,0,6,,14.9677,93,0,0.830624,27,0,0,32.382,31,,3926,4004,,0,0,0,1
1677860072691,1,1010123456002,78,,0,0,0,1,0,,9.3309,411,0,2.83187,120,0,6,,15.5833,132,0,1.78995,38,0,0,30.9295,31,,4103,4183,,0,0,0,1
1677860072941,1,1010123456002,78,,0,0,0,1,0,,9.475,400,0,2.71344,110,0,6,,15.761,159,0,2.36691,46,0,0,30.3906,31,,4135,4233,,0,0,0,1
1677860073191,1,1010123456002,78,,0,0,0,1,0,,9.29442,394,0,2.82029,113,0,5.85714,,15.2252,111,0,1.40752,32,0,0,31.1638,31,,4220,4306,,0,0,0,1
1677860073441,1,1010123456002,78,,0,0,0,1,0,,9.16203,395,109,2.84592,117,0,6,,15.5035,143,0,1.90227,41,0,0,30.9492,31,,4326,4404,,0,0,0,1
1677860073691,1,1010123456002,78,,0,0,0,1,0,,9.49519,416,0,2.87968,116,0,6,,15.3981,108,0,1.33834,31,0,0,31.2705,31,,4327,4424,,0,0,0,1
1677860073941,1,1010123456002,78,,0,0,0,1,0,,9.46392,388,2400,2.74925,112,0,6,,15.7289,166,0,2.47427,48,0,0,30.2384,31,,4019,4081,,0,0,0,1
1677860074191,1,1010123456002,78,,0,0,0,1,0,,9.51882,372,0,2.79891,108,0,6,,15.6212,132,0,1.87549,38,0,0,30.6226,31,,3993,4064,,0,0,0,1
1677860074441,1,1010123456002,78,,0,0,0,1,0,,9.5124,363,0,2.56122,103,0,6,,15.7485,167,0,2.48563,48,0,0,30.4353,31,,3810,3870,,0,0,0,1
1677860074691,1,1010123456002,78,,0,0,0,1,0,,9.29803,406,0,2.81101,118,0,6,,15.4854,103,0,1.3583,30,0,0,30.9923,31,,4076,4156,,0,0,0,1
1677860074941,1,1010123456002,78,,0,0,0,1,0,,9.68675,332,0,2.5255,95,0,6,,15.8196,194,0,2.98138,56,0,0,30.323,31,,3703,3767,,0,0,0,1
1677860075191,1,1010123456002,78,,0,0,0,1,0,,9.55667,397,0,2.8599,114,0,6,,15.6739,138,0,1.93434,40,0,0,30.6719,31,,4196,4302,,0,0,0,1
1677860075441,1,1010123456002,78,,0,0,0,1,0,,9.26075,372,0,2.53334,104,0,6,,15.662,142,0,1.93664,41,0,0,30.761,31,,3814,3873,,0,0,0,1
1677860075691,1,1010123456002,78,,0,0,0,1,0,,9.51958,383,0,2.78384,109,0,6,,15.1375,80,0,0.892352,23,0,0,31.4184,31,,4057,4114,,0,0,0,1
1677860075941,1,1010123456002,78,,0,0,0,1,0,,9.10162,433,2370,2.79382,122,0,6,,15.7364,129,0,1.8552,37,0,0,30.5636,31,,4175,4272,,0,0,0,1
1677860076191,1,1010123456002,78,,0,0,0,1,0,,9.71914,324,0,2.39472,95,0,6,,15.7176,131,0,1.92102,38,0,0,30.5199,31,,3451,3510,,0,0,0,1
1677860076441,1,1010123456002,78,,0,0,0,1,0,,9.2365,389,0,2.77459,107,0,5.83333,,15.7313,134,0,1.94499,39,0,0,30.6014,31,,4453,4534,,0,0,0,1
1677860076691,1,1010123456002,78,,0,0,0,1,0,,9.53525,383,0,2.75363,111,0,6,,15.4636,110,0,1.46813,32,0,0,30.9593,31,,3919,3997,,0,0,0,1
1677860076941,1,1010123456002,78,,0,0,0,1,0,,9.51289,388,0,2.68416,107,0,6,,15.5093,108,0,1.40938,31,0,0,30.8402,31,,4046,4133,,0,0,0,1
1677860077191,1,1010123456002,78,,0,0,0,1,0,,9.51187,379,755,2.5777,107,0,6,,15.4727,110,0,1.44496,32,0,0,31.1142,31,,3982,4046,,0,0,0,1
1677860077441,1,1010123456002,78,,0,0,0,1,0,,9.63772,334,0,2.79085,102,0,6,,15.2966,118,0,1.46765,34,0,0,31.0972,31,,3747,3833,,0,0,0,1
1677860077691,1,1010123456002,78,,0,0,0,1,0,,9.53791,422,0,2.89834,118,0,6,,15.7337,169,0,2.47725,49,0,0,30.3142,31,,4280,4387,,0,0,0,1
1677860077941,1,1010123456002,78,,0,0,0,1,0,,9.56955,381,0,2.6591,105,0,6,,15.705,139,0,1.97811,40,0,0,30.5233,31,,4016,4094,,0,0,0,1
1677860078191,1,1010123456002,78,,0,0,0,1,0,,9.22628,411,0,2.71875,120,0,6,,15.5704,142,0,1.95498,41,0,0,30.8176,31,,4014,4130,,0,0,0,1
1677860078441,1,1010123456002,78,,0,0,0,1,0,,9.30871,379,2216,2.60358,108,0,6,,15.2029,69,0,0.687776,20,0,0,31.7538,31,,3818,3929,,0,0,0,1
1677860078691,1,1010123456002,78,,0,0,0,1,0,,9.40047,422,0,2.99078,123,0,6,,15.6802,172,0,2.47606,50,0,0,30.5913,31,,4230,4321,,0,0,0,1
1677860078941,1,1010123456002,78,,0,0,0,1,0,,9.61429,350,2360,2.53651,98,0,6,,15.7319,138,0,2.06006,40,0,0,30.4472,31,,3778,3866,,0,0,0,1
1677860079191,1,1010123456002,78,,0,0,0,1,0,,9.39075,389,5800,2.76144,113,0,6,,15.5785,121,0,1.62662,35,0,0,30.8213,31,,4041,4148,,0,0,0,1
1677860079441,1,1010123456002,78,,0,0,0,1,0,,9.2698,404,5577,2.86576,114,0,6,,15.6068,117,0,1.61014,34,0,0,30.8635,31,,4308,4384,,0,0,0,1
1677860079691,1,1010123456002,78,,0,0,0,1,0,,9.55616,365,0,2.81882,107,0,6,,15.7485,167,0,2.44154,48,0,0,30.4027,31,,3987,4044,,0,0,0,1
1677860079941,1,1010123456002,78,,0,0,0,1,0,,9.62331,369,0,2.676,100,0,6,,15.4944,89,0,1.15027,26,0,0,30.9763,31,,4105,4172,,0,0,0,1
1677860080191,1,1010123456002,78,,0,0,0,1,0,,9.83065,372,754,2.81002,103,0,6,,15.0606,99,0,1.0512,29,0,0,31.8806,31,,4337,4384,,0,0,0,1
1677860080441,1,1010123456002,78,,0,0,0,1,0,,9.54801,427,1799,3.12803,123,0,6,,15.5556,153,0,2.03952,44,0,0,30.8308,31,,4498,4593,,0,0,0,1
1677860080691,1,1010123456002,78,,0,0,0,1,0,,9.6052,385,0,2.81155,111,0,6,,15.6194,134,0,1.91398,39,0,0,30.4627,31,,4067,4166,,0,0,0,1
1677860080941,1,1010123456002,78,,0,0,0,1,0,,9.81892,370,0,2.84246,107,0,6,,15.4253,87,0,1.11082,25,0,0,30.9722,31,,4148,4222,,0,0,0,1
1677860081191,1,1010123456002,78,,0,0,0,1,0,,9.48196,388,0,2.80154,114,0,6,,15.5333,90,0,1.14365,26,0,0,31.0159,31,,3962,4046,,0,0,0,1
1677860081441,1,1010123456002,78,,0,0,0,1,0,,9.23161,367,0,2.59168,106,0,6,,15.4215,121,0,1.59392,35,0,0,31.1129,31,,3777,3860,,0,0,0,1
1677860081691,1,1010123456002,78,,0,0,0,1,0,,9.34884,387,0,2.74541,112,0,6,,15.5545,110,137025,1.51712,32,0,0,30.558,31,,3978,4070,,0,0,0,1
1677860081941,1,1010123456002,78,,0,0,0,1,0,,9.63687,358,0,2.63933,103,0,6,,15.8395,162,0,2.50141,47,0,0,30.2407,31,,3861,3934,,0,0,0,1
1677860082191,1,1010123456002,78,,0,0,0,1,0,,9.33823,408,0,2.74762,115,0,6,,15.4758,124,0,1.6599,36,0,0,30.8574,31,,4101,4198,,0,0,0,1
1677860082441,1,1010123456002,78,,0,0,0,1,0,,9.23869,398,1403,2.56326,111,0,6,,15.698,149,0,2.14643,43,0,0,30.524,31,,3878,3968,,0,0,0,1
1677860082691,1,1010123456002,78,,0,0,0,1,0,,9.28954,411,0,2.87123,122,0,6,,15.6408,142,0,2.00285,41,0,0,30.515,31,,4035,4136,,0,0,0,1
1677860082941,1,1010123456002,78,,0,0,0,1,0,,9.54318,359,21,2.63206,101,0,6,,15.6757,148,0,2.13475,43,0,0,30.5297,31,,3995,4047,,0,0,0,1
1677860083191,1,1010123456002,78,,0,0,0,1,0,,9.92225,373,0,2.96806,106,0,6.14286,,15.6454,141,0,2.00464,41,0,0,30.5627,31,,4199,4297,,0,0,0,1
1677860083441,1,1010123456002,78,,0,0,0,1,0,,9.24752,404,1295,2.82093,112,0,5.8,,15.4797,123,0,1.5953,36,0,0,30.8653,31,,4552,4634,,0,0,0,1
1677860083691,1,1010123456002,78,,0,0,0,1,0,,9.41709,398,0,3.01526,120,0,6,,15.4078,103,0,1.22867,30,0,0,31.3652,31,,4117,4208,,0,0,0,1
1677860083941,1,1010123456002,78,,0,0,0,1,0,,9.57568,403,0,2.72822,111,0,6,,15.3232,99,0,1.14762,29,0,0,31.2072,31,,4201,4306,,0,0,0,1
1677860084191,1,1010123456002,78,,0,0,0,1,0,,9.21637,342,235,2.64755,102,0,6,,15.6387,119,0,1.70758,35,0,0,30.6535,31,,3707,3780,,0,0,0,1
1677860084441,1,1010123456002,78,,0,0,0,1,0,,9.12339,389,1363,2.55616,105,0,6,,15.7051,156,0,2.22246,45,0,0,30.455,31,,4007,4076,,0,0,0,1
1677860084691,1,1010123456002,78,,0,0,0,1,0,,9.56897,348,0,2.59942,101,0,6,,15.49,100,0,1.26941,29,0,0,31.2278,31,,3674,3762,,0,0,0,1
1677860084941,1,1010123456002,78,,0,0,0,1,0,,9.2876,379,6178,2.67386,108,0,6,,15.5912,137,0,1.81792,40,0,0,30.9245,31,,3911,3982,,0,0,0,1
1677860085191,1,1010123456002,78,,0,0,0,1,0,,9.68206,368,0,2.67434,103,0,6,,15.5147,136,0,1.78294,39,0,0,30.8659,31,,4153,4217,,0,0,0,1
1677860085441,1,1010123456002,78,,0,0,0,1,0,,9.79442,394,1139,2.9985,114,0,6.33333,,15.7297,148,0,2.18662,43,0,0,30.5093,31,,4148,4218,,0,0,0,1
1677860085691,1,1010123456002,78,,0,0,0,1,0,,9.38663,419,0,2.97792,124,0,6,,15.5833,168,0,2.36352,48,0,0,30.5762,31,,4196,4280,,0,0,0,1
1677860085941,1,1010123456002,78,,0,0,0,1,0,,9.17857,420,0,2.7855,118,0,6,,14.9286,84,0,0.837536,24,0,0,32.2613,31,,4148,4272,,0,0,0,1
1677860086191,1,1010123456002,78,,0,0,0,1,0,,9.29919,371,177,2.5601,107,0,6,,15.6688,154,0,2.20602,44,0,0,30.417,31,,3682,3779,,0,0,0,1
1677860086441,1,1010123456002,78,,0,0,0,1,0,,9.64935,385,0,2.89194,113,0,6,,15.3448,87,0,0.996256,25,0,0,31.1999,31,,4141,4225,,0,0,0,1
1677860086691,1,1010123456002,78,,0,0,0,1,0,,9.62972,397,81,2.91565,112,0,6,,15.7569,181,0,2.6801,52,0,0,30.3521,31,,4321,4429,,0,0,0,1
1677860086941,1,1010123456002,78,,0,0,0,1,0,,9.55181,386,0,2.61133,104,0,6,,15.2072,111,144657,1.27645,32,0,0,31.5904,31,,4093,4163,,0,0,0,1
1677860087191,1,1010123456002,78,,0,0,0,1,0,,9.44304,395,105,3.01654,119,0,6,,15.6609,115,0,1.61357,33,0,0,30.6344,31,,4192,4262,,0,0,0,1
1677860087441,1,1010123456002,78,,0,0,0,1,0,,9.57975,395,0,2.69386,108,0,6,,15.4779,136,0,1.79558,39,0,0,30.9164,31,,4137,4235,,0,0,0,1
1677860087691,1,1010123456002,78,,0,0,0,1,0,,9.7302,341,0,2.74675,104,0,6.16667,,15.5828,151,0,2.16608,44,0,0,30.5091,31,,3678,3767,,0,0,0,1
1677860087941,1,1010123456002,78,,0,0,0,1,0,,9.67575,367,69,2.63126,103,0,6,,15.3883,103,0,1.28778,30,0,0,31.2143,31,,3930,4024,,0,0,0,1
1677860088191,1,1010123456002,78,,0,0,0,1,0,,9.28637,433,0,2.9713,125,0,6,,15.6517,178,0,2.63709,51,0,0,30.317,31,,4261,4359,,0,0,0,1
1677860088441,1,1010123456002,78,,0,0,0,1,0,,9.39709,413,1371,2.72941,115,0,6,,15.5931,145,0,2.05194,42,0,0,30.6203,31,,4125,4178,,0,0,0,1
1677860088691,1,1010123456002,78,,0,0,0,1,0,,9.60471,382,0,2.85053,113,0,6,,15.6929,127,0,1.89386,37,0,0,30.3249,31,,4098,4180,,0,0,0,1
1677860088941,1,1010123456002,78,,0,0,0,1,0,,9.21412,425,2264,2.72195,115,0,6,,15.8072,166,0,2.56186,48,0,0,30.1333,31,,4195,4303,,0,0,0,1
1677860089191,1,1010123456002,78,,0,0,0,1,0,,9.11471,401,1593,2.84787,119,0,6,,15.4196,112,0,1.4353,32,0,0,30.9966,31,,4122,4206,,0,0,0,1
1677860089441,1,1010123456002,78,,0,0,0,1,0,,9.41177,391,0,2.70211,109,0,6,,15.6068,117,0,1.56269,34,0,0,30.7053,31,,4055,4147,,0,0,0,1
1677860089691,1,1010123456002,78,,0,0,0,1,0,,9.48238,369,29,2.67648,108,0,6,,15.4074,135,137025,1.79907,39,0,0,30.9632,31,,3800,3902,,0,0,0,1
1677860089941,1,1010123456002,78,,0,0,0,1,0,,9.45412,425,435,2.80275,120,0,6,,15.1898,137,0,1.66269,39,0,0,31.3999,31,,4300,4392,,0,0,0,1
1677860090191,1,1010123456002,78,,0,0,0,1,0,,9.36139,404,1111,2.83882,117,0,6,,15.5229,109,0,1.40304,32,0,0,30.9537,31,,3975,4082,,0,0,0,1
1677860090441,1,1010123456002,78,,0,0,0,1,0,,9.36296,405,0,2.75542,113,0,6,,15.0577,104,0,1.0864,30,0,0,31.8053,31,,4211,4294,,0,0,0,1
1677860090691,1,1010123456002,78,,0,0,0,1,0,,9.55882,340,1187,2.72138,102,0,6,,15.5146,103,137025,1.37478,30,0,0,30.6429,31,,3764,3821,,0,0,0,1
1677860090941,1,1010123456002,78,,0,0,0,1,0,,9.1175,400,0,2.65814,109,0,5.83333,,15.5645,124,0,1.69184,36,0,0,30.8464,31,,4416,4490,,0,0,0,1
1677860091191,1,1010123456002,78,,0,0,0,1,0,,10.0504,278,1304,2.22925,78,0,6,,15.4953,107,0,1.41491,31,0,0,30.9414,31,,3332,3341,,0,0,0,1
1677860091441,1,1010123456002,78,,0,0,0,1,0,,10.4832,358,0,3.29597,103,0,6,,15.2569,109,0,1.34733,32,0,0,31.2464,31,,4763,4760,,0,0,0,1
1677860091691,1,1010123456002,78,,0,0,0,1,0,,9.47781,383,0,2.86106,111,0,6,,15.377,122,0,1.57181,35,0,0,30.6927,31,,3996,4080,,0,0,0,1
1677860091941,1,1010123456002,78,,0,0,0,1,0,,9.44872,390,349,2.55706,110,0,6,,15.4953,107,0,1.40781,31,0,0,31.0494,31,,3985,4074,,0,0,0,1
1677860092191,1,1010123456002,78,,0,0,0,1,0,,9.03828,418,0,2.88195,125,0,6,,15.1705,88,0,0.961376,25,0,0,31.6905,31,,3880,3970,,0,0,0,1
1677860092441,1,1010123456002,78,,0,0,0,1,0,,9.47692,390,1436,2.64381,107,0,6,,15.6061,132,0,1.80198,38,0,0,30.8942,31,,4139,4199,,0,0,0,1
1677860092691,1,1010123456002,78,,0,0,0,1,0,,9.33978,362,276,2.75853,109,0,6,,15.2467,150,0,1.91664,43,0,0,31.2367,31,,3813,3883,,0,0,0,1
1677860092941,1,1010123456002,78,,0,0,0,1,0,,9.58377,382,3054,2.54746,102,0,6,,15.0833,108,0,1.24771,31,0,0,31.2853,31,,4108,4173,,0,0,0,1
1677860093191,1,1010123456002,78,,0,0,0,1,0,,9.24538,379,75,2.71085,109,0,6,,15.7248,149,0,2.15056,43,0,0,30.5412,31,,3841,3890,,0,0,0,1
1677860093441,1,1010123456002,78,,0,0,0,1,0,,9.53944,393,2380,2.81709,113,0,6,,15.5086,116,0,1.51034,34,0,0,30.9819,31,,4187,4261,,0,0,0,1
1677860093691,1,1010123456002,78,,0,0,0,1,0,,9.36436,376,69,2.76637,111,0,6,,15.726,208,0,3.08813,60,0,0,30.3395,31,,3910,3975,,0,0,0,1
1677860093941,1,1010123456002,78,,0,0,0,1,0,,9.30387,362,1319,2.53971,102,0,6,,15.5655,145,0,2.01315,42,0,0,30.7051,31,,3829,3881,,0,0,0,1
1677860094191,1,1010123456002,78,,0,0,0,1,0,,9.44784,393,0,2.93958,115,0,6,,15.3509,114,0,1.43776,33,0,0,31.1753,31,,4193,4278,,0,0,0,1
1677860094441,1,1010123456002,78,,0,0,0,1,0,,9.399,401,0,2.70246,111,0,6,,15.5405,111,0,1.3888,32,0,0,31.0341,31,,4075,4189,,0,0,0,1
1677860094691,1,1010123456002,78,,0,0,0,1,0,,9.54573,328,0,2.53533,99,0,6,,15.5211,142,0,1.90819,41,0,0,30.9807,31,,3564,3631,,0,0,0,1
1677860094941,1,1010123456002,78,,0,0,0,1,0,,9.45361,388,0,2.66278,108,0,6,,15.3694,111,0,1.37286,32,0,0,31.2248,31,,3890,3969,,0,0,0,1
1677860095191,1,1010123456002,78,,0,0,0,1,0,,9.11549,381,0,2.50435,110,0,6,,15.6099,141,0,1.87603,41,0,0,30.7236,31,,3706,3763,,0,0,0,1
1677860095441,1,1010123456002,78,,0,0,0,1,0,,9.06368,424,0,2.77402,118,0,6,,15.6372,113,0,1.57203,33,0,0,30.5436,31,,4232,4336,,0,0,0,1
1677860095691,1,1010123456002,78,,0,0,0,1,0,,9.35052,388,17,2.7351,112,0,6,,15.5385,169,0,2.3913,49,0,0,30.77,31,,3932,4033,,0,0,0,1
1677860095941,1,1010123456002,78,,0,0,0,1,0,,9.06667,360,0,2.50022,101,0,6,,15.7101,169,135117,2.47587,49,0,0,30.5801,31,,3688,3763,,0,0,0,1
1677860096191,1,1010123456002,78,,0,0,0,1,0,,9.1897,427,0,2.9633,126,0,6,,15.6071,140,0,1.90614,40,0,0,30.7243,31,,4242,4352,,0,0,0,1
1677860096441,1,1010123456002,78,,0,0,0,1,0,,9.30115,435,0,3.03424,122,0,6,,15.2174,92,0,1.00141,27,0,0,31.9504,31,,4531,4612,,0,0,0,1
1677860096691,1,1010123456002,78,,0,0,0,1,0,,9.54865,370,0,2.79037,109,0,6,,15.7,140,0,2.0217,40,0,0,30.3756,31,,4025,4126,,0,0,0,1
1677860096941,1,1010123456002,78,,0,0,0,1,0,,9.57722,395,385,2.59696,107,0,6,,15.5288,104,0,1.3271,30,0,0,31.0067,31,,4098,4159,,0,0,0,1
1677860097191,1,1010123456002,78,,0,0,0,1,0,,9.61429,350,0,2.72051,104,0,6,,15.3945,109,0,1.35955,31,0,0,31.0055,31,,3777,3855,,0,0,0,1
1677860097441,1,1010123456002,78,,0,0,0,1,0,,9.30423,355,0,2.3425,103,0,6,,15.5268,112,0,1.45802,32,0,0,30.9163,31,,3366,3459,,0,0,0,1
1677860097691,1,1010123456002,78,,0,0,0,1,0,,8.84409,186,0,0.963968,47,0,6,,15,107,0,1.13744,31,0,0,31.7172,31,,1662,1796,,0,0,0,1
1677860097941,1,1010123456002,78,,0,0,0,1,0,,9.66988,415,0,2.98608,119,0,6,,15.4041,146,0,1.8424,42,0,0,30.9754,31,,4343,4410,,0,0,0,1
1677860098191,1,1010123456002,78,,0,0,0,1,0,,9.37666,377,1115,2.69606,108,0,6,,15.6863,102,0,1.46166,30,0,0,30.6128,31,,3859,3944,,0,0,0,1
1677860098441,1,1010123456002,78,,0,0,0,1,0,,9.48058,412,0,2.78154,118,0,6,,15.5208,96,0,1.28787,28,0,0,31.0608,31,,4205,4284,,0,0,0,1
1677860098691,1,1010123456002,78,,0,0,0,1,0,,9.41099,382,0,2.62755,110,0,6,,15.796,201,0,3.03018,58,0,0,30.3602,31,,3735,3815,,0,0,0,1
1677860098941,1,1010123456002,78,,0,0,0,1,0,,9.0232,388,0,2.75536,115,0,5.83333,,15.7481,131,0,1.91344,38,0,0,30.4289,31,,4169,4250,,0,0,0,1
1677860099191,1,1010123456002,78,,0,0,0,1,0,,9.50559,358,2228,2.51296,102,0,6,,15.557,149,0,2.0417,43,0,0,30.7752,31,,3756,3814,,0,0,0,1
1677860099441,1,1010123456002,78,,0,0,0,1,0,,9.41257,366,0,2.61962,101,0,6,,15.3932,117,0,1.45482,34,0,0,31.2897,31,,4004,4063,,0,0,0,1
1677860099691,1,1010123456002,78,,0,0,0,1,0,,9.44562,377,0,2.72794,109,0,6,,15.5537,177,0,2.50986,51,0,0,30.6375,31,,3863,3957,,0,0,0,1
1677860099941,1,1010123456002,78,,0,0,0,1,0,,9.42206,417,0,2.8713,115,0,6,,15.5581,129,0,1.79037,37,0,0,30.7367,31,,4421,4502,,0,0,0,1
1677860100191,1,1010123456002,78,,0,0,0,1,0,,9.35977,353,0,2.6944,108,0,6,,15.8156,141,0,2.08938,41,0,0,30.4662,31,,3708,3770,,0,0,0,1
1677860100441,1,1010123456002,78,,0,0,0,1,0,,9.72254,346,1151,2.584,95,0,6,,15.7481,131,0,1.87379,38,0,0,30.5142,31,,3889,3964,,0,0,0,1
1677860100691,1,1010123456002,78,,0,0,0,1,0,,9.74286,385,0,2.98586,111,0,6,,15.747,166,0,2.44701,48,0,0,30.3779,31,,4298,4388,,0,0,0,1
1677860100941,1,1010123456002,78,,0,0,0,1,0,,9.704,375,0,2.9016,108,0,6,,15.3592,103,0,1.29856,30,0,0,31.0383,31,,4263,4324,,0,0,0,1
1677860101191,1,1010123456002,78,,0,0,0,1,0,,9.66952,351,1167,2.5175,100,0,6,,15.656,125,0,1.8488,36,0,0,30.4457,31,,3727,3796,,0,0,0,1
1677860101441,1,1010123456002,78,,0,0,0,1,0,,9.67911,402,243,2.96566,114,0,6,,15.7008,127,0,1.85171,37,0,0,30.3469,31,,4387,4479,,0,0,0,1
1677860101691,1,1010123456002,78,,0,0,0,1,0,,9.74052,343,0,2.73114,100,0,6,,15.62,100,0,1.37174,29,0,0,30.7866,31,,3926,3996,,0,0,0,1
1677860101941,1,1010123456002,78,,0,0,0,1,0,,9.64533,375,215,2.73667,101,0,6,,15.8347,121,0,1.87158,35,0,0,30.159,31,,4272,4356,,0,0,0,1
1677860102191,1,1010123456002,78,,0,0,0,1,0,,9.82507,343,1395,2.7072,100,0,6,,15.3855,83,0,0.942336,24,0,0,31.5896,31,,3866,3909,,0,0,0,1
1677860102441,1,1010123456002,78,,0,0,0,1,0,,9.21391,374,0,2.5375,106,0,6,,15.5818,110,0,1.40256,32,0,0,31.064,31,,3838,3916,,0,0,0,1
1677860102691,1,1010123456002,78,,0,0,0,1,0,,9.30343,379,417,2.59024,106,0,6,,15.3333,108,0,1.38714,31,0,0,31.0523,31,,3897,3971,,0,0,0,1
1677860102941,1,1010123456002,78,,0,0,0,1,0,,9.72351,387,0,3.1056,116,0,6,,15.625,96,0,1.3529,28,0,0,30.7269,31,,4325,4407,,0,0,0,1
1677860103191,1,1010123456002,78,,0,0,0,1,0,,9.74432,352,1488,2.60717,100,0,6,,15.4775,111,0,1.47888,32,0,0,30.8963,31,,3902,3970,,0,0,0,1
1677860103441,1,1010123456002,78,,0,0,0,1,0,,9.6,380,0,2.8319,105,0,6,,15.5,72,0,0.85552,21,0,0,31.1637,31,,4285,4368,,0,0,0,1
1677860103691,1,1010123456002,78,,0,0,0,1,0,,9.33127,323,0,2.36499,96,0,6,,15.7823,124,0,1.86288,36,0,0,30.3157,31,,3303,3374,,0,0,0,1
1677860103941,1,1010123456002,78,,0,0,0,1,0,,9.45669,381,0,2.84512,110,0,6,,15.6946,167,0,2.45504,48,0,0,30.3562,31,,4132,4232,,0,0,0,1
1677860104191,1,1010123456002,78,,0,0,0,1,0,,10.0312,321,7568,2.50477,91,0,6,,15.5,108,0,1.43706,31,0,0,31.022,31,,3739,3795,,0,0,0,1
1677860104441,1,1010123456002,78,,0,0,0,1,0,,9.5014,357,0,2.75626,104,0,6,,15.2805,82,0,0.85824,24,0,0,31.5996,31,,3972,4015,,0,0,0,1
1677860104691,1,1010123456002,78,,0,0,0,1,0,,8.86197,355,1123,2.5416,101,0,5.83333,,15.6139,101,0,1.38154,29,0,0,30.7355,31,,4045,4121,,0,0,0,1
1677860104941,1,1010123456002,78,,0,0,0,1,0,,9.81793,357,0,2.76435,102,0,6,,15.7188,96,0,1.40634,28,0,0,30.4123,31,,4061,4106,,0,0,0,1
1677860105191,1,1010123456002,78,,0,0,0,1,0,,9.85629,334,0,2.57059,93,0,6,,15.669,142,0,2.03331,41,0,0,30.5084,31,,3828,3883,,0,0,0,1
1677860105441,1,1010123456002,78,,0,0,0,1,0,,9.40476,420,0,2.95053,120,0,6,,15.3717,113,0,1.39904,33,0,0,31.1141,31,,4349,4442,,0,0,0,1
1677860105691,1,1010123456002,78,,0,0,0,1,0,,9.75521,384,4911,2.8177,107,0,6,,15.6739,138,0,1.92938,40,0,0,30.6481,31,,4283,4358,,0,0,0,1
1677860105941,1,1010123456002,78,,0,0,0,1,0,,9.50681,367,0,2.72422,107,0,6,,15.4068,118,135117,1.49088,34,0,0,31.1493,31,,3917,4006,,0,0,0,1
1677860106191,1,1010123456002,78,,0,0,0,1,0,,9.53529,340,0,2.5639,100,0,6,,15.7197,132,0,1.92282,38,0,0,30.3429,31,,3650,3727,,0,0,0,1
1677860106441,1,1010123456002,78,,0,0,0,1,0,,9.61972,355,3673,2.47491,96,0,6,,15.241,83,0,0.908576,24,0,0,31.5375,31,,3868,3938,,0,0,0,1
1677860106691,1,1010123456002,78,,0,0,0,1,0,,9.49453,366,0,2.78374,106,0,6,,15.7683,164,0,2.44365,47,0,0,30.3075,31,,3929,4039,,0,0,0,1
1677860106941,1,1010123456002,78,,0,0,0,1,0,,9.59297,398,0,3.02928,118,0,6,,15.7424,132,0,1.92691,38,0,0,30.4577,31,,4365,4442,,0,0,0,1
1677860107191,1,1010123456002,78,,0,0,0,1,0,,9.4047,383,4785,2.66726,104,0,5.85714,,15.659,173,0,2.50618,50,0,0,30.5963,31,,4131,4217,,0,0,0,1
1677860107441,1,1010123456002,78,,0,0,0,1,0,,9.00278,359,0,2.62624,106,0,6,,15.5299,117,0,1.50573,34,0,0,30.963,31,,4023,4115,,0,0,0,1
1677860107691,1,1010123456002,78,,0,0,0,1,0,,10.0804,373,3987,2.97037,104,0,6,,15.7184,174,0,2.53773,50,0,0,30.4226,31,,4526,4556,,0,0,0,1
1677860107941,1,1010123456002,78,,0,0,0,1,0,,9.63342,371,85,2.88326,109,0,6,,15.7536,138,0,1.99277,40,0,0,30.5111,31,,4055,4136,,0,0,0,1
1677860108191,1,1010123456002,78,,0,0,0,1,0,,8.58334,348,0,2.40122,99,0,5.71429,,15.3929,84,0,0.96464,24,0,0,31.3692,31,,3982,4043,,0,0,0,1
1677860108441,1,1010123456002,78,,0,0,0,1,0,,9.07349,381,0,2.67517,109,0,6,,15.4876,121,0,1.52301,35,0,0,31.0376,31,,4265,4333,,0,0,0,1
1677860108691,1,1010123456002,78,,0,0,0,1,0,,9.82991,341,3306,2.5201,93,0,6,,15.5447,123,137025,1.60438,35,0,0,30.7878,31,,3866,3916,,0,0,0,1
1677860108941,1,1010123456002,78,,0,0,0,1,0,,9.81534,352,0,2.90426,108,0,6,,15.6185,173,135117,2.49408,50,0,0,30.547,31,,4029,4072,,0,0,0,1
1677860109191,1,1010123456002,78,,0,0,0,1,0,,9.51183,338,7002,2.47251,95,0,6,,15.3967,121,0,1.58371,35,0,0,30.8709,31,,3715,3786,,0,0,0,1
1677860109441,1,1010123456002,78,,0,0,0,1,0,,8.84597,422,109,3.02406,121,0,5.83333,,15.5088,114,0,1.5545,33,0,0,30.6259,31,,4852,4898,,0,0,0,1
1677860109691,1,1010123456002,78,,0,0,0,1,0,,9.43407,364,0,2.59536,100,0,6,,15.216,125,137025,1.45667,36,0,0,31.5075,31,,3908,4001,,0,0,0,1
1677860109941,1,1010123456002,78,,0,0,0,1,0,,9.7932,353,0,2.73254,104,0,6,,15.3559,118,135117,1.50582,34,0,0,31.0401,31,,3870,3916,,0,0,0,1
1677860110191,1,1010123456002,78,,0,0,0,1,0,,9.60388,361,0,2.6449,104,0,6,,15.7622,164,0,2.47261,47,0,0,30.2205,31,,3854,3933,,0,0,0,1
1677860110441,1,1010123456002,78,,0,0,0,1,0,,9.18717,374,0,2.60266,104,0,5.83333,,15.7364,110,0,1.55299,32,0,0,30.5655,31,,4197,4268,,0,0,0,1
1677860110691,1,1010123456002,78,,0,0,0,1,0,,9.6408,348,0,2.54282,98,0,6,,15.2447,94,0,1.11075,27,0,0,31.524,31,,3757,3816,,0,0,0,1
1677860110941,1,1010123456002,78,,0,0,0,1,0,,9.86464,362,0,2.9649,108,0,6,,15.3711,97,0,1.14787,28,0,0,31.1476,31,,4205,4248,,0,0,0,1
1677860111191,1,1010123456002,78,,0,0,0,1,0,,8.90909,374,0,2.56419,104,0,5.85714,,15.7006,177,0,2.57997,51,0,0,30.4405,31,,4094,4160,,0,0,0,1
1677860111441,1,1010123456002,78,,0,0,0,1,0,,9.38349,412,0,2.80634,120,0,6,,15.6831,142,0,2.02662,41,0,0,30.6259,31,,4077,4169,,0,0,0,1
1677860111691,1,1010123456002,78,,0,0,0,1,0,,9.37433,374,0,2.57642,105,0,6,,15.7479,119,0,1.70845,34,0,0,30.4009,31,,3783,3900,,0,0,0,1
1677860111941,1,1010123456002,78,,0,0,0,1,0,,9.51604,374,0,2.73392,103,0,6,,15.5702,121,135117,1.54829,35,0,0,30.9849,31,,4124,4223,,0,0,0,1
1677860112191,1,1010123456002,78,,0,0,0,1,0,,9.8087,345,2622,2.69325,101,0,6,,15.7055,146,0,2.11917,42,0,0,30.5497,31,,3920,3968,,0,0,0,1
1677860112441,1,1010123456002,78,,0,0,0,1,0,,9.77309,379,0,2.99414,113,0,6,,15.424,125,0,1.51968,36,0,0,31.1535,31,,4237,4315,,0,0,0,1
1677860112691,1,1010123456002,78,,0,0,0,1,0,,9.21579,380,29,2.71309,103,0,5.83333,,15.5968,124,0,1.84083,36,0,0,30.4486,31,,4565,4618,,0,0,0,1
1677860112941,1,1010123456002,78,,0,0,0,1,0,,9.2459,244,0,1.82854,75,0,6,,15.6545,110,0,1.51184,32,0,0,30.7029,31,,2431,2507,,0,0,0,1
1677860113191,1,1010123456002,78,,0,0,0,1,0,,8.99497,199,0,1.2063,56,0,6,,15.3673,98,0,1.18179,28,0,0,31.2956,31,,1759,1834,,0,0,0,1
1677860113441,1,1010123456002,78,,0,0,0,1,0,,9.17482,143,0,0.69568,35,0,6,,15.6373,102,0,1.41133,30,0,0,30.978,31,,1402,1445,,0,0,0,1
1677860113691,1,1010123456002,78,,0,0,0,1,0,,8.60909,110,0,0.904608,39,0,6,,15.7962,157,0,2.4328,45,0,0,30.2101,31,,918,994,,0,0,0,1
1677860113941,1,1010123456002,78,,0,0,0,1,0,,8.97143,140,0,0.741248,38,0,6,,15.587,138,0,1.95402,40,0,0,30.6072,31,,1096,1154,,0,0,0,1
1677860114191,1,1010123456002,78,,0,0,0,1,0,,8.88,125,0,0.662432,37,0,6,,15.886,114,0,1.80269,33,0,0,30.0691,31,,950,988,,0,0,0,1
1677860114441,1,1010123456002,78,,0,0,0,1,0,,9.17054,129,1131,0.798624,37,0,6,,15.8158,38,0,0.585312,11,0,0,30.3825,31,,1168,1218,,0,0,0,1
1677860114691,1,1010123456002,78,,0,0,0,1,0,,9.04698,149,0,0.804032,42,0,6,,12.1429,7,0,0.1,2,0,0,35.0429,31,,1177,1231,,0,0,0,1
1677860114941,1,1010123456002,78,,0,0,0,1,0,,9.35333,150,0,0.96432,42,0,6,,12.5294,17,0,0.1,5,0,0,36.0277,31,,1415,1459,,0,0,0,1
1677860115191,1,1010123456002,78,,0,0,0,1,0,,9.0329,152,0,0.74576,39,0,6,,12.1429,7,0,0.1,2,0,0,36.0815,31,,1391,1438,,0,0,0,1
1677860115441,1,1010123456002,78,,0,0,0,1,0,,8.80734,109,0,0.784832,36,0,6,,12.1429,7,0,0.1,2,0,0,35.5067,31,,879,915,,0,0,0,1
1677860115691,1,1010123456002,78,,0,0,0,1,0,,7.14286,7,0,0.008032,3,0,6,,12.1429,7,0,0.1,2,0,0,36.3651,31,,9,12,,0,0,0,1
1677860115941,1,1010123456002,78,,0,0,0,1,0,,6,4,0,0.0024,1,0,6,,13.2857,14,0,0.1,4,0,0,34.886,31,,4,6,,0,0,0,1
1677860116191,1,1010123456002,78,,0,0,0,1,0,,6,4,0,0.0024,1,0,6,,12.1429,7,0,0.1,2,0,0,34.8853,31,,4,6,,0,0,0,1
1677860116441,1,1010123456002,78,,0,0,0,1,0,,6,12,0,0.0072,3,0,6,,12.1429,7,0,0.1,2,0,0,36.4176,31,,12,18,,0,0,0,1
1677860116691,1,1010123456002,78,,0,0,0,1,0,,7,8,0,0.007424,2,0,6,,12.1429,7,0,0.1,2,0,0,35.7021,31,,12,15,,0,0,0,1
1677860116941,1,1010123456002,78,,0,0,0,1,0,,0,0,0,0,0,0,6,,0,0,0,0,0,0,0,0,0,,0,0,,0,0,0,0
1677860117191,1,1010123456002,78,,0,0,0,1,0,,6,4,0,0.0024,1,0,6,,12.1429,7,0,0.1,2,0,0,35.6101,31,,4,6,,0,0,0,1
1677860117441,1,1010123456002,78,,0,0,0,1,0,,0,3,0,0.0024,1,0,6,,12.1429,7,0,0.1,2,0,0,34.0473,31,,4,6,,0,0,0,1
1677860117691,1,1010123456002,78,,0,0,0,1,0,,0,0,0,0,0,0,6,,12.1429,7,0,0.1,2,0,0,35.4573,31,,0,0,,0,0,0,1
1677860117941,1,1010123456002,78,,0,0,0,1,0,,0,3,0,0.0024,1,0,6,,12.1429,7,0,0.1,2,0,0,34.7022,31,,4,6,,0,0,0,1
1677860118191,1,1010123456002,78,,0,0,0,1,0,,0,3,0,0.0024,1,0,6,,0,0,0,0,0,0,0,0,0,,4,6,,0,0,0,0
1677860118441,1,1010123456002,78,,0,0,0,1,0,,0,3,0,0.0024,1,0,5.83333,,12.1429,7,0,0.1,2,0,0,34.9968,31,,4,6,,0,0,0,1
1677860118691,1,1010123456002,78,,0,0,0,1,0,,6,4,0,0.0024,1,0,6.16667,,0,0,0,0,0,0,0,0,0,,4,6,,0,0,0,0
1677860118941,1,1010123456002,78,,0,0,0,1,0,,0,0,0,0,0,0,6,,0,0,0,0,0,0,0,0,0,,0,0,,0,0,0,0
1677860119191,1,1010123456002,78,,0,0,0,1,0,,6,4,0,0.0024,1,0,5.71429,,0,0,0,0,0,0,0,0,0,,4,6,,0,0,0,0
1677860119441,1,1010123456002,78,,0,0,0,1,0,,0,0,0,0,0,0,6,,12.1429,7,0,0.1,2,0,0,35.3335,31,,0,0,,0,0,0,1
1677860119691,1,1010123456002,78,,0,0,0,1,0,,0,0,0,0,0,0,6,,0,0,0,0,0,0,0,0,0,,0,0,,0,0,0,0
1677860119941,1,1010123456002,78,,0,0,0,1,0,,0,3,0,0,0,0,6,,0,0,0,0,0,0,0,0,0,,4,6,,0,0,0,0
1677860120191,1,1010123456002,78,,0,0,0,1,0,,0,0,0,0.0024,1,0,6,,13.8571,7,0,0.1,2,0,0,35.0668,31,,0,0,,0,0,0,1
1677860120441,1,1010123456002,78,,0,0,0,1,0,,0,0,0,0,0,0,6,,0,0,0,0,0,0,0,0,0,,0,0,,0,0,0,0
1677860120691,1,1010123456002,78,,0,0,0,1,0,,0,0,0,0,0,0,6,,0,0,0,0,0,0,0,0,0,,0,0,,0,0,0,0
1677860120941,1,1010123456002,78,,0,0,0,1,0,,0,0,0,0,0,0,6,,0,0,0,0,0,0,0,0,0,,0,0,,0,0,0,0
1677860121191,1,1010123456002,78,,0,0,0,1,0,,0,0,0,0,0,0,6,,0,0,0,0,0,0,0,0,0,,0,0,,0,0,0,0
1677860121441,1,1010123456002,78,,0,0,0,1,0,,0,0,0,0,0,0,6,,0,0,0,0,0,0,0,0,0,,0,0,,0,0,0,0
1677860121691,1,1010123456002,78,,0,0,0,1,0,,0,0,0,0,0,0,6,,0,0,0,0,0,0,0,0,0,,0,0,,0,0,0,0
1677860121941,1,1010123456002,78,,0,0,0,1,0,,0,0,0,0,0,0,6,,0,0,0,0,0,0,0,0,0,,0,0,,0,0,0,0
1677860122191,1,1010123456002,78,,0,0,0,1,0,,0,0,0,0,0,0,6,,0,0,0,0,0,0,0,0,0,,0,0,,0,0,0,0
1677860122441,1,1010123456002,78,,0,0,0,1,0,,0,0,0,0,0,0,6,,0,0,0,0,0,0,0,0,0,,0,0,,0,0,0,0
1677860122691,1,1010123456002,78,,0,0,0,1,0,,0,0,0,0,0,0,6,,0,0,0,0,0,0,0,0,0,,0,0,,0,0,0,0
1677860122941,1,1010123456002,78,,0,0,0,1,0,,0,0,0,0,0,0,6,,0,0,0,0,0,0,0,0,0,,0,0,,0,0,0,0
1677860123191,1,1010123456002,78,,0,0,0,1,0,,0,0,0,0,0,0,6,,0,0,0,0,0,0,0,0,0,,0,0,,0,0,0,0
1677860123441,1,1010123456002,78,,0,0,0,1,0,,0,0,0,0,0,0,6,,0,0,0,0,0,0,0,0,0,,0,0,,0,0,0,0
1677860123691,1,1010123456002,78,,0,0,0,1,0,,0,0,0,0,0,0,6,,0,0,0,0,0,0,0,0,0,,0,0,,0,0,0,0
1677860123941,1,1010123456002,78,,0,0,0,1,0,,0,0,0,0,0,0,6.16667,,0,0,0,0,0,0,0,0,0,,0,0,,0,0,0,0
1677860124191,1,1010123456002,78,,0,0,0,1,0,,0,0,0,0,0,0,6,,0,0,0,0,0,0,0,0,0,,0,0,,0,0,0,0
1677860124441,1,1010123456002,78,,0,0,0,1,0,,0,0,0,0,0,0,6,,0,0,0,0,0,0,0,0,0,,0,0,,0,0,0,0
1677860124691,1,1010123456002,78,,0,0,0,1,0,,0,0,0,0,0,0,5.83333,,0,0,0,0,0,0,0,0,0,,0,0,,0,0,0,0
1677860124941,1,1010123456002,78,,0,0,0,1,0,,0,0,0,0,0,0,6,,0,0,0,0,0,0,0,0,0,,0,0,,0,0,0,0
1677860125191,1,1010123456002,78,,0,0,0,1,0,,0,0,0,0,0,0,6,,0,0,0,0,0,0,0,0,0,,0,0,,0,0,0,0
1677860125441,1,1010123456002,78,,0,0,0,1,0,,0,0,0,0,0,0,6,,0,0,0,0,0,0,0,0,0,,0,0,,0,0,0,0
1677860125691,1,1010123456002,78,,0,0,0,1,0,,0,0,0,0,0,0,6,,0,0,0,0,0,0,0,0,0,,0,0,,0,0,0,0
1677860125941,1,1010123456002,78,,0,0,0,1,0,,0,0,0,0,0,0,6,,0,0,0,0,0,0,0,0,0,,0,0,,0,0,0,0
