Timestamp,num_ues,IMSI,RNTI,,slicing_enabled,slice_id,slice_prb,power_multiplier,scheduling_policy,,dl_mcs,dl_n_samples,dl_buffer [bytes],tx_brate downlink [Mbps],tx_pkts downlink,tx_errors downlink (%),dl_cqi,,ul_mcs,ul_n_samples,ul_buffer [bytes],rx_brate uplink [Mbps],rx_pkts uplink,rx_errors uplink (%),ul_rssi,ul_sinr,phr,,sum_requested_prbs,sum_granted_prbs,,dl_pmi,dl_ri,ul_n,ul_turbo_iters
1690931989377,2,1010123456004,78,,0,0,0,1,0,,3.3,10,0,0.00224,2,0,8,,13.3636,11,0,0.1,3,0,0,34.6317,31,,7,12,,0,0,0,1
1690931989627,2,1010123456004,78,,0,0,0,1,0,,0,15,0,0.007104,6,0,8,,12.0789,38,0,0.1,11,0,0,35.8455,31,,8,18,,0,0,0,1
1690931989877,2,1010123456004,78,,0,0,0,1,0,,0,3,0,0.001824,1,0,8.5,,12,7,0,0.1,2,0,0,36.7385,31,,2,3,,0,0,0,1
1690931990127,2,1010123456004,78,,0,0,0,1,0,,0,0,0,0,0,0,8.42857,,0,0,0,0,0,0,0,0,0,,0,0,,0,0,0,0
1690931990377,2,1010123456004,78,,0,0,0,1,0,,0,0,0,0,0,0,8.16667,,0,0,0,0,0,0,0,0,0,,0,0,,0,0,0,0
1690931990627,2,1010123456004,78,,0,0,0,1,0,,0,0,0,0,0,0,8.33333,,0,0,0,0,0,0,0,0,0,,0,0,,0,0,0,0
1690931990877,2,1010123456004,78,,0,0,0,1,0,,0,0,0,0,0,0,8.33333,,0,0,0,0,0,0,0,0,0,,0,0,,0,0,0,0
1690931991127,2,1010123456004,78,,0,0,0,1,0,,0,0,0,0,0,0,8,,0,0,0,0,0,0,0,0,0,,0,0,,0,0,0,0
1690931991377,2,1010123456004,78,,0,0,0,1,0,,0,0,0,0,0,0,8.16667,,0,0,0,0,0,0,0,0,0,,0,0,,0,0,0,0
1690931991627,2,1010123456004,78,,0,0,0,1,0,,0,0,0,0,0,0,8.33333,,0,0,0,0,0,0,0,0,0,,0,0,,0,0,0,0
1690931991877,2,1010123456004,78,,0,0,0,1,0,,0,0,0,0,0,0,8,,0,0,0,0,0,0,0,0,0,,0,0,,0,0,0,0
1690931992127,2,1010123456004,78,,0,0,0,1,0,,0,0,0,0,0,0,8.14286,,0,0,0,0,0,0,0,0,0,,0,0,,0,0,0,0
1690931992377,2,1010123456004,78,,0,0,0,1,0,,0,0,0,0,0,0,8.5,,0,0,0,0,0,0,0,0,0,,0,0,,0,0,0,0
1690931992627,2,1010123456004,78,,0,0,0,1,0,,0,0,0,0,0,0,8.33333,,0,0,0,0,0,0,0,0,0,,0,0,,0,0,0,0
1690931992877,2,1010123456004,78,,0,0,0,1,0,,0,0,0,0,0,0,8.33333,,0,0,0,0,0,0,0,0,0,,0,0,,0,0,0,0
1690931993127,2,1010123456004,78,,0,0,0,1,0,,0,0,0,0,0,0,8,,0,0,0,0,0,0,0,0,0,,0,0,,0,0,0,0
1690931993377,2,1010123456004,78,,0,0,0,1,0,,0,0,0,0,0,0,8.33333,,0,0,0,0,0,0,0,0,0,,0,0,,0,0,0,0
1690931993627,2,1010123456004,78,,0,0,0,1,0,,0,0,0,0,0,0,8,,0,0,0,0,0,0,0,0,0,,0,0,,0,0,0,0
1690931993877,2,1010123456004,78,,0,0,0,1,0,,0,0,0,0,0,0,8,,0,0,0,0,0,0,0,0,0,,0,0,,0,0,0,0
1690931994127,2,1010123456004,78,,0,0,0,1,0,,0,0,0,0,0,0,8.28571,,0,0,0,0,0,0,0,0,0,,0,0,,0,0,0,0
1690931994377,2,1010123456004,78,,0,0,0,1,0,,0,0,0,0,0,0,8.33333,,0,0,0,0,0,0,0,0,0,,0,0,,0,0,0,0
1690931994627,2,1010123456004,78,,0,0,0,1,0,,0,0,0,0,0,0,8.5,,0,0,0,0,0,0,0,0,0,,0,0,,0,0,0,0
1690931994877,2,1010123456004,78,,0,0,0,1,0,,0,0,0,0,0,0,8,,0,0,0,0,0,0,0,0,0,,0,0,,0,0,0,0
1690931995127,2,1010123456004,78,,0,0,0,1,0,,0,0,0,0,0,0,8,,0,0,0,0,0,0,0,0,0,,0,0,,0,0,0,0
1690931995377,2,1010123456004,78,,0,0,0,1,0,,0,0,0,0,0,0,8.16667,,0,0,0,0,0,0,0,0,0,,0,0,,0,0,0,0
1690931995627,2,1010123456004,78,,0,0,0,1,0,,0,0,0,0,0,0,8,,0,0,0,0,0,0,0,0,0,,0,0,,0,0,0,0
1690931995877,2,1010123456004,78,,0,0,0,1,0,,0,0,0,0,0,0,8.16667,,0,0,0,0,0,0,0,0,0,,0,0,,0,0,0,0
1690931996127,2,1010123456004,78,,0,0,0,1,0,,0,0,0,0,0,0,8.14286,,0,0,0,0,0,0,0,0,0,,0,0,,0,0,0,0
1690931996377,2,1010123456004,78,,0,0,0,1,0,,0,0,0,0,0,0,8.16667,,0,0,0,0,0,0,0,0,0,,0,0,,0,0,0,0
1690931996627,2,1010123456004,78,,0,0,0,1,0,,0,0,0,0,0,0,8.16667,,0,0,0,0,0,0,0,0,0,,0,0,,0,0,0,0
1690931996877,2,1010123456004,78,,0,0,0,1,0,,0,0,0,0,0,0,8,,0,0,0,0,0,0,0,0,0,,0,0,,0,0,0,0
1690931997127,2,1010123456004,78,,0,0,0,1,0,,0,0,0,0,0,0,8.14286,,0,0,0,0,0,0,0,0,0,,0,0,,0,0,0,0
1690931997377,2,1010123456004,78,,0,0,0,1,0,,0,0,0,0,0,0,8.16667,,0,0,0,0,0,0,0,0,0,,0,0,,0,0,0,0
1690931997627,2,1010123456004,78,,0,0,0,1,0,,0,0,0,0,0,0,8.16667,,0,0,0,0,0,0,0,0,0,,0,0,,0,0,0,0
1690931997877,2,1010123456004,78,,0,0,0,1,0,,0,0,0,0,0,0,8,,0,0,0,0,0,0,0,0,0,,0,0,,0,0,0,0
1690931998127,2,1010123456004,78,,0,0,0,1,0,,0,0,0,0,0,0,8.14286,,0,0,0,0,0,0,0,0,0,,0,0,,0,0,0,0
1690931998377,1,1010123456004,78,,0,0,0,1,0,,0,0,0,0,0,0,8.16667,,0,0,0,0,0,0,0,0,0,,0,0,,0,0,0,0
1690931998627,1,1010123456004,78,,0,0,0,1,0,,0,0,0,0,0,0,8.5,,0,0,0,0,0,0,0,0,0,,0,0,,0,0,0,0
1690931998877,1,1010123456004,78,,0,0,0,1,0,,0,0,0,0,0,0,8.33333,,0,0,0,0,0,0,0,0,0,,0,0,,0,0,0,0
1690931999127,1,1010123456004,78,,0,0,0,1,0,,0,0,0,0,0,0,8.14286,,0,0,0,0,0,0,0,0,0,,0,0,,0,0,0,0
1690931999377,1,1010123456004,78,,0,0,0,1,0,,0,0,0,0,0,0,8.16667,,0,0,0,0,0,0,0,0,0,,0,0,,0,0,0,0
1690931999627,1,1010123456004,78,,0,0,0,1,0,,0,0,0,0,0,0,8.16667,,0,0,0,0,0,0,0,0,0,,0,0,,0,0,0,0
1690931999877,1,1010123456004,78,,0,0,0,1,0,,0,0,0,0,0,0,8.5,,0,0,0,0,0,0,0,0,0,,0,0,,0,0,0,0
1690932000127,1,1010123456004,78,,0,0,0,1,0,,0,0,0,0,0,0,8.28571,,0,0,0,0,0,0,0,0,0,,0,0,,0,0,0,0
1690932000377,1,1010123456004,78,,0,0,0,1,0,,0,0,0,0,0,0,8.33333,,0,0,0,0,0,0,0,0,0,,0,0,,0,0,0,0
1690932000627,1,1010123456004,78,,0,0,0,1,0,,0,0,0,0,0,0,8.16667,,0,0,0,0,0,0,0,0,0,,0,0,,0,0,0,0
1690932000877,1,1010123456004,78,,0,0,0,1,0,,0,0,0,0,0,0,8.5,,0,0,0,0,0,0,0,0,0,,0,0,,0,0,0,0
1690932001127,1,1010123456004,78,,0,0,0,1,0,,0,0,0,0,0,0,8.57143,,0,0,0,0,0,0,0,0,0,,0,0,,0,0,0,0
1690932001377,1,1010123456004,78,,0,0,0,1,0,,0,0,0,0,0,0,8,,0,0,0,0,0,0,0,0,0,,0,0,,0,0,0,0
1690932001627,1,1010123456004,78,,0,0,0,1,0,,0,0,0,0,0,0,8.33333,,0,0,0,0,0,0,0,0,0,,0,0,,0,0,0,0
1690932001877,1,1010123456004,78,,0,0,0,1,0,,0,0,0,0,0,0,8.16667,,0,0,0,0,0,0,0,0,0,,0,0,,0,0,0,0
1690932002127,1,1010123456004,78,,0,0,0,1,0,,0,0,0,0,0,0,8.14286,,0,0,0,0,0,0,0,0,0,,0,0,,0,0,0,0
1690932002377,1,1010123456004,78,,0,0,0,1,0,,0,0,0,0,0,0,8.33333,,0,0,0,0,0,0,0,0,0,,0,0,,0,0,0,0
1690932002627,1,1010123456004,78,,0,0,0,1,0,,0,0,0,0,0,0,8,,0,0,0,0,0,0,0,0,0,,0,0,,0,0,0,0
1690932002877,1,1010123456004,78,,0,0,0,1,0,,0,0,0,0,0,0,8.16667,,0,0,0,0,0,0,0,0,0,,0,0,,0,0,0,0
1690932003127,1,1010123456004,78,,0,0,0,1,0,,0,0,0,0,0,0,8.28571,,0,0,0,0,0,0,0,0,0,,0,0,,0,0,0,0
1690932003377,1,1010123456004,78,,0,0,0,1,0,,0,0,0,0,0,0,8.33333,,0,0,0,0,0,0,0,0,0,,0,0,,0,0,0,0
1690932003627,1,1010123456004,78,,0,0,0,1,0,,0,0,0,0,0,0,8.16667,,0,0,0,0,0,0,0,0,0,,0,0,,0,0,0,0
1690932003877,1,1010123456004,78,,0,0,0,1,0,,0,0,0,0,0,0,8,,0,0,0,0,0,0,0,0,0,,0,0,,0,0,0,0
1690932004127,1,1010123456004,78,,0,0,0,1,0,,0,0,0,0,0,0,8.28571,,0,0,0,0,0,0,0,0,0,,0,0,,0,0,0,0
1690932004377,1,1010123456004,78,,0,0,0,1,0,,0,0,0,0,0,0,8.33333,,0,0,0,0,0,0,0,0,0,,0,0,,0,0,0,0
1690932004627,1,1010123456004,78,,0,0,0,1,0,,0,0,0,0,0,0,8,,0,0,0,0,0,0,0,0,0,,0,0,,0,0,0,0
1690932004877,1,1010123456004,78,,0,0,0,1,0,,0,0,0,0,0,0,8.16667,,0,0,0,0,0,0,0,0,0,,0,0,,0,0,0,0
1690932005127,1,1010123456004,78,,0,0,0,1,0,,0,0,0,0,0,0,8.28571,,0,0,0,0,0,0,0,0,0,,0,0,,0,0,0,0
1690932005377,1,1010123456004,78,,0,0,0,1,0,,0,0,0,0,0,0,8.33333,,0,0,0,0,0,0,0,0,0,,0,0,,0,0,0,0
1690932005627,1,1010123456004,78,,0,0,0,1,0,,0,0,0,0,0,0,8.5,,0,0,0,0,0,0,0,0,0,,0,0,,0,0,0,0
1690932005877,1,1010123456004,78,,0,0,0,1,0,,0,0,0,0,0,0,8,,0,0,0,0,0,0,0,0,0,,0,0,,0,0,0,0
1690932006127,1,1010123456004,78,,0,0,0,1,0,,0,0,0,0,0,0,8.28571,,0,0,0,0,0,0,0,0,0,,0,0,,0,0,0,0
1690932006377,1,1010123456004,78,,0,0,0,1,0,,0,0,0,0,0,0,8.16667,,0,0,0,0,0,0,0,0,0,,0,0,,0,0,0,0
1690932006627,1,1010123456004,78,,0,0,0,1,0,,0,0,0,0,0,0,8,,0,0,0,0,0,0,0,0,0,,0,0,,0,0,0,0
1690932006877,1,1010123456004,78,,0,0,0,1,0,,0,0,0,0,0,0,8.16667,,0,0,0,0,0,0,0,0,0,,0,0,,0,0,0,0
1690932007127,1,1010123456004,78,,0,0,0,1,0,,0,0,0,0,0,0,8.42857,,0,0,0,0,0,0,0,0,0,,0,0,,0,0,0,0
1690932007377,1,1010123456004,78,,0,0,0,1,0,,0,0,0,0,0,0,8.33333,,0,0,0,0,0,0,0,0,0,,0,0,,0,0,0,0
1690932007627,1,1010123456004,78,,0,0,0,1,0,,0,0,0,0,0,0,8.16667,,0,0,0,0,0,0,0,0,0,,0,0,,0,0,0,0
1690932007877,1,1010123456004,78,,0,0,0,1,0,,0,0,0,0,0,0,8.5,,0,0,0,0,0,0,0,0,0,,0,0,,0,0,0,0
1690932008127,1,1010123456004,78,,0,0,0,1,0,,0,0,0,0,0,0,8.14286,,0,0,0,0,0,0,0,0,0,,0,0,,0,0,0,0
1690932008377,1,1010123456004,78,,0,0,0,1,0,,0,0,0,0,0,0,8,,0,0,0,0,0,0,0,0,0,,0,0,,0,0,0,0
1690932008627,1,1010123456004,78,,0,0,0,1,0,,0,0,0,0,0,0,8.33333,,0,0,0,0,0,0,0,0,0,,0,0,,0,0,0,0
1690932008877,1,1010123456004,78,,0,0,0,1,0,,0,0,0,0,0,0,8.16667,,0,0,0,0,0,0,0,0,0,,0,0,,0,0,0,0
1690932009127,1,1010123456004,78,,0,0,0,1,0,,0,0,0,0,0,0,8.28571,,0,0,0,0,0,0,0,0,0,,0,0,,0,0,0,0
1690932009377,1,1010123456004,78,,0,0,0,1,0,,0,0,0,0,0,0,8.16667,,0,0,0,0,0,0,0,0,0,,0,0,,0,0,0,0
1690932009627,1,1010123456004,78,,0,0,0,1,0,,0,0,0,0,0,0,8,,0,0,0,0,0,0,0,0,0,,0,0,,0,0,0,0
1690932009877,1,1010123456004,78,,0,0,0,1,0,,0,0,0,0,0,0,8.16667,,0,0,0,0,0,0,0,0,0,,0,0,,0,0,0,0
1690932010127,1,1010123456004,78,,0,0,0,1,0,,0,0,0,0,0,0,8,,0,0,0,0,0,0,0,0,0,,0,0,,0,0,0,0
1690932010377,1,1010123456004,78,,0,0,0,1,0,,0,0,0,0,0,0,8.33333,,0,0,0,0,0,0,0,0,0,,0,0,,0,0,0,0
1690932010627,1,1010123456004,78,,0,0,0,1,0,,0,0,0,0,0,0,8.16667,,0,0,0,0,0,0,0,0,0,,0,0,,0,0,0,0
1690932010877,1,1010123456004,78,,0,0,0,1,0,,0,0,0,0,0,0,8.5,,0,0,0,0,0,0,0,0,0,,0,0,,0,0,0,0
1690932011127,1,1010123456004,78,,0,0,0,1,0,,0,0,0,0,0,0,8.42857,,0,0,0,0,0,0,0,0,0,,0,0,,0,0,0,0
1690932011377,1,1010123456004,78,,0,0,0,1,0,,0,0,0,0,0,0,8.33333,,0,0,0,0,0,0,0,0,0,,0,0,,0,0,0,0
1690932011627,1,1010123456004,78,,0,0,0,1,0,,0,0,0,0,0,0,8.33333,,0,0,0,0,0,0,0,0,0,,0,0,,0,0,0,0
1690932011877,1,1010123456004,78,,0,0,0,1,0,,0,0,0,0,0,0,8.16667,,0,0,0,0,0,0,0,0,0,,0,0,,0,0,0,0
1690932012127,1,1010123456004,78,,0,0,0,1,0,,0,0,0,0,0,0,8.42857,,0,0,0,0,0,0,0,0,0,,0,0,,0,0,0,0
1690932012377,1,1010123456004,78,,0,0,0,1,0,,0,0,0,0,0,0,8.16667,,0,0,0,0,0,0,0,0,0,,0,0,,0,0,0,0
1690932012627,1,1010123456004,78,,0,0,0,1,0,,0,0,0,0,0,0,8.16667,,0,0,0,0,0,0,0,0,0,,0,0,,0,0,0,0
1690932012877,1,1010123456004,78,,0,0,0,1,0,,0,0,0,0,0,0,8.33333,,0,0,0,0,0,0,0,0,0,,0,0,,0,0,0,0
1690932013127,1,1010123456004,78,,0,0,0,1,0,,0,0,0,0,0,0,8.28571,,0,0,0,0,0,0,0,0,0,,0,0,,0,0,0,0
1690932013377,1,1010123456004,78,,0,0,0,1,0,,0,0,0,0,0,0,8.16667,,0,0,0,0,0,0,0,0,0,,0,0,,0,0,0,0
1690932013627,1,1010123456004,78,,0,0,0,1,0,,0,0,0,0,0,0,8.16667,,0,0,0,0,0,0,0,0,0,,0,0,,0,0,0,0
1690932013877,1,1010123456004,78,,0,0,0,1,0,,0,0,0,0,0,0,8.16667,,0,0,0,0,0,0,0,0,0,,0,0,,0,0,0,0
1690932014127,1,1010123456004,78,,0,0,0,1,0,,0,0,0,0,0,0,8.14286,,0,0,0,0,0,0,0,0,0,,0,0,,0,0,0,0
1690932014377,1,1010123456004,78,,0,0,0,1,0,,0,0,0,0,0,0,8.33333,,0,0,0,0,0,0,0,0,0,,0,0,,0,0,0,0
1690932014627,1,1010123456004,78,,0,0,0,1,0,,0,0,0,0,0,0,8.16667,,0,0,0,0,0,0,0,0,0,,0,0,,0,0,0,0
1690932014877,1,1010123456004,78,,0,0,0,1,0,,0,0,0,0,0,0,8.16667,,0,0,0,0,0,0,0,0,0,,0,0,,0,0,0,0
1690932015127,1,1010123456004,78,,0,0,0,1,0,,0,0,0,0,0,0,8.42857,,0,0,0,0,0,0,0,0,0,,0,0,,0,0,0,0
1690932015377,1,1010123456004,78,,0,0,0,1,0,,0,0,0,0,0,0,8.16667,,0,0,0,0,0,0,0,0,0,,0,0,,0,0,0,0
1690932015627,1,1010123456004,78,,0,0,0,1,0,,0,0,0,0,0,0,8.16667,,0,0,0,0,0,0,0,0,0,,0,0,,0,0,0,0
1690932015877,1,1010123456004,78,,0,0,0,1,0,,0,0,0,0,0,0,8.16667,,0,0,0,0,0,0,0,0,0,,0,0,,0,0,0,0
1690932016127,1,1010123456004,78,,0,0,0,1,0,,0,0,0,0,0,0,8,,0,0,0,0,0,0,0,0,0,,0,0,,0,0,0,0
1690932016377,1,1010123456004,78,,0,0,0,1,0,,0,0,0,0,0,0,8.33333,,0,0,0,0,0,0,0,0,0,,0,0,,0,0,0,0
1690932016627,1,1010123456004,78,,0,0,0,1,0,,0,0,0,0,0,0,8.5,,0,0,0,0,0,0,0,0,0,,0,0,,0,0,0,0
1690932016877,1,1010123456004,78,,0,0,0,1,0,,0,0,0,0,0,0,8.16667,,0,0,0,0,0,0,0,0,0,,0,0,,0,0,0,0
1690932017127,1,1010123456004,78,,0,0,0,1,0,,0,0,0,0,0,0,8.42857,,0,0,0,0,0,0,0,0,0,,0,0,,0,0,0,0
1690932017377,1,1010123456004,78,,0,0,0,1,0,,0,0,0,0,0,0,8.33333,,0,0,0,0,0,0,0,0,0,,0,0,,0,0,0,0
1690932017627,1,1010123456004,78,,0,0,0,1,0,,0,0,0,0,0,0,8.16667,,0,0,0,0,0,0,0,0,0,,0,0,,0,0,0,0
1690932017877,1,1010123456004,78,,0,0,0,1,0,,0,0,0,0,0,0,8.16667,,0,0,0,0,0,0,0,0,0,,0,0,,0,0,0,0
1690932018127,1,1010123456004,78,,0,0,0,1,0,,0,0,0,0,0,0,8.14286,,0,0,0,0,0,0,0,0,0,,0,0,,0,0,0,0
1690932018377,1,1010123456004,78,,0,0,0,1,0,,0,0,0,0,0,0,8.16667,,0,0,0,0,0,0,0,0,0,,0,0,,0,0,0,0
1690932018627,1,1010123456004,78,,0,0,0,1,0,,0,0,0,0,0,0,8,,0,0,0,0,0,0,0,0,0,,0,0,,0,0,0,0
1690932018877,1,1010123456004,78,,0,0,0,1,0,,0,0,0,0,0,0,8.16667,,0,0,0,0,0,0,0,0,0,,0,0,,0,0,0,0
1690932019127,1,1010123456004,78,,0,0,0,1,0,,0,0,0,0,0,0,8.57143,,0,0,0,0,0,0,0,0,0,,0,0,,0,0,0,0
1690932019377,1,1010123456004,78,,0,0,0,1,0,,0,0,0,0,0,0,8.16667,,0,0,0,0,0,0,0,0,0,,0,0,,0,0,0,0
1690932019627,1,1010123456004,78,,0,0,0,1,0,,0,0,0,0,0,0,8.16667,,0,0,0,0,0,0,0,0,0,,0,0,,0,0,0,0
1690932019877,1,1010123456004,78,,0,0,0,1,0,,0,0,0,0,0,0,8.16667,,0,0,0,0,0,0,0,0,0,,0,0,,0,0,0,0
1690932020127,1,1010123456004,78,,0,0,0,1,0,,0,0,0,0,0,0,8.28571,,0,0,0,0,0,0,0,0,0,,0,0,,0,0,0,0
1690932020377,1,1010123456004,78,,0,0,0,1,0,,0,0,0,0,0,0,8,,0,0,0,0,0,0,0,0,0,,0,0,,0,0,0,0
1690932020627,1,1010123456004,78,,0,0,0,1,0,,0,0,0,0,0,0,8,,0,0,0,0,0,0,0,0,0,,0,0,,0,0,0,0
1690932020877,1,1010123456004,78,,0,0,0,1,0,,0,0,0,0,0,0,8,,0,0,0,0,0,0,0,0,0,,0,0,,0,0,0,0
1690932021127,1,1010123456004,78,,0,0,0,1,0,,0,0,0,0,0,0,8.28571,,0,0,0,0,0,0,0,0,0,,0,0,,0,0,0,0
1690932021377,1,1010123456004,78,,0,0,0,1,0,,0,0,0,0,0,0,8,,0,0,0,0,0,0,0,0,0,,0,0,,0,0,0,0
1690932021627,1,1010123456004,78,,0,0,0,1,0,,0,0,0,0,0,0,8,,0,0,0,0,0,0,0,0,0,,0,0,,0,0,0,0
1690932021877,1,1010123456004,78,,0,0,0,1,0,,0,0,0,0,0,0,8.16667,,0,0,0,0,0,0,0,0,0,,0,0,,0,0,0,0
1690932022127,1,1010123456004,78,,0,0,0,1,0,,0,0,0,0,0,0,8.14286,,0,0,0,0,0,0,0,0,0,,0,0,,0,0,0,0
1690932022377,1,1010123456004,78,,0,0,0,1,0,,0,0,0,0,0,0,8,,0,0,0,0,0,0,0,0,0,,0,0,,0,0,0,0
1690932022627,1,1010123456004,78,,0,0,0,1,0,,0,0,0,0,0,0,8.16667,,0,0,0,0,0,0,0,0,0,,0,0,,0,0,0,0
1690932022877,1,1010123456004,78,,0,0,0,1,0,,0,0,0,0,0,0,8,,0,0,0,0,0,0,0,0,0,,0,0,,0,0,0,0
1690932023127,1,1010123456004,78,,0,0,0,1,0,,0,0,0,0,0,0,8.28571,,0,0,0,0,0,0,0,0,0,,0,0,,0,0,0,0
1690932023377,1,1010123456004,78,,0,0,0,1,0,,0,0,0,0,0,0,8.5,,0,0,0,0,0,0,0,0,0,,0,0,,0,0,0,0
1690932023627,1,1010123456004,78,,0,0,0,1,0,,0,0,0,0,0,0,8.16667,,0,0,0,0,0,0,0,0,0,,0,0,,0,0,0,0
1690932023877,1,1010123456004,78,,0,0,0,1,0,,0,0,0,0,0,0,8,,0,0,0,0,0,0,0,0,0,,0,0,,0,0,0,0
1690932024127,1,1010123456004,78,,0,0,0,1,0,,0,0,0,0,0,0,8.28571,,0,0,0,0,0,0,0,0,0,,0,0,,0,0,0,0
1690932024377,1,1010123456004,78,,0,0,0,1,0,,0,0,0,0,0,0,8,,0,0,0,0,0,0,0,0,0,,0,0,,0,0,0,0
1690932024627,1,1010123456004,78,,0,0,0,1,0,,0,0,0,0,0,0,8.33333,,0,0,0,0,0,0,0,0,0,,0,0,,0,0,0,0
1690932024877,1,1010123456004,78,,0,0,0,1,0,,0,0,0,0,0,0,8.33333,,0,0,0,0,0,0,0,0,0,,0,0,,0,0,0,0
1690932025127,1,1010123456004,78,,0,0,0,1,0,,0,0,0,0,0,0,8.28571,,0,0,0,0,0,0,0,0,0,,0,0,,0,0,0,0
1690932025377,1,1010123456004,78,,0,0,0,1,0,,0,0,0,0,0,0,8.83333,,0,0,0,0,0,0,0,0,0,,0,0,,0,0,0,0
1690932025627,1,1010123456004,78,,0,0,0,1,0,,0,0,0,0,0,0,8.16667,,0,0,0,0,0,0,0,0,0,,0,0,,0,0,0,0
1690932025877,1,1010123456004,78,,0,0,0,1,0,,0,0,0,0,0,0,8,,0,0,0,0,0,0,0,0,0,,0,0,,0,0,0,0
1690932026127,1,1010123456004,78,,0,0,0,1,0,,0,0,0,0,0,0,8,,0,0,0,0,0,0,0,0,0,,0,0,,0,0,0,0
1690932026377,1,1010123456004,78,,0,0,0,1,0,,0,0,0,0,0,0,8.33333,,0,0,0,0,0,0,0,0,0,,0,0,,0,0,0,0
1690932026627,1,1010123456004,78,,0,0,0,1,0,,0,0,0,0,0,0,8.33333,,0,0,0,0,0,0,0,0,0,,0,0,,0,0,0,0
1690932026877,1,1010123456004,78,,0,0,0,1,0,,0,0,0,0,0,0,8,,0,0,0,0,0,0,0,0,0,,0,0,,0,0,0,0
1690932027127,1,1010123456004,78,,0,0,0,1,0,,0,0,0,0,0,0,8.14286,,0,0,0,0,0,0,0,0,0,,0,0,,0,0,0,0
1690932027377,1,1010123456004,78,,0,0,0,1,0,,0,0,0,0,0,0,8,,0,0,0,0,0,0,0,0,0,,0,0,,0,0,0,0
1690932027627,1,1010123456004,78,,0,0,0,1,0,,0,0,0,0,0,0,8.16667,,0,0,0,0,0,0,0,0,0,,0,0,,0,0,0,0
1690932027877,1,1010123456004,78,,0,0,0,1,0,,0,0,0,0,0,0,8,,0,0,0,0,0,0,0,0,0,,0,0,,0,0,0,0
1690932028127,1,1010123456004,78,,0,0,0,1,0,,0,0,0,0,0,0,8.28571,,0,0,0,0,0,0,0,0,0,,0,0,,0,0,0,0
1690932028377,1,1010123456004,78,,0,0,0,1,0,,0,0,0,0,0,0,8,,0,0,0,0,0,0,0,0,0,,0,0,,0,0,0,0
1690932028627,1,1010123456004,78,,0,0,0,1,0,,0,0,0,0,0,0,8.5,,0,0,0,0,0,0,0,0,0,,0,0,,0,0,0,0
1690932028877,1,1010123456004,78,,0,0,0,1,0,,0,0,0,0,0,0,8.5,,0,0,0,0,0,0,0,0,0,,0,0,,0,0,0,0
1690932029127,1,1010123456004,78,,0,0,0,1,0,,0,0,0,0,0,0,8,,0,0,0,0,0,0,0,0,0,,0,0,,0,0,0,0
1690932029377,1,1010123456004,78,,0,0,0,1,0,,0,0,0,0,0,0,8.33333,,0,0,0,0,0,0,0,0,0,,0,0,,0,0,0,0
1690932029627,1,1010123456004,78,,0,0,0,1,0,,0,0,0,0,0,0,8,,0,0,0,0,0,0,0,0,0,,0,0,,0,0,0,0
1690932029877,1,1010123456004,78,,0,0,0,1,0,,0,0,0,0,0,0,8.16667,,0,0,0,0,0,0,0,0,0,,0,0,,0,0,0,0
1690932030127,1,1010123456004,78,,0,0,0,1,0,,0,0,0,0,0,0,8.14286,,0,0,0,0,0,0,0,0,0,,0,0,,0,0,0,0
1690932030377,1,1010123456004,78,,0,0,0,1,0,,0,0,0,0,0,0,8,,0,0,0,0,0,0,0,0,0,,0,0,,0,0,0,0
1690932030627,1,1010123456004,78,,0,0,0,1,0,,0,0,0,0,0,0,8.33333,,0,0,0,0,0,0,0,0,0,,0,0,,0,0,0,0
1690932030877,1,1010123456004,78,,0,0,0,1,0,,0,0,0,0,0,0,8.33333,,0,0,0,0,0,0,0,0,0,,0,0,,0,0,0,0
1690932031127,1,1010123456004,78,,0,0,0,1,0,,0,0,0,0,0,0,8.57143,,0,0,0,0,0,0,0,0,0,,0,0,,0,0,0,0
1690932031377,1,1010123456004,78,,0,0,0,1,0,,0,0,0,0,0,0,8.16667,,0,0,0,0,0,0,0,0,0,,0,0,,0,0,0,0
1690932031627,1,1010123456004,78,,0,0,0,1,0,,0,0,0,0,0,0,8.5,,0,0,0,0,0,0,0,0,0,,0,0,,0,0,0,0
1690932031877,1,1010123456004,78,,0,0,0,1,0,,0,0,0,0,0,0,8,,0,0,0,0,0,0,0,0,0,,0,0,,0,0,0,0
1690932032127,1,1010123456004,78,,0,0,0,1,0,,0,0,0,0,0,0,8.28571,,0,0,0,0,0,0,0,0,0,,0,0,,0,0,0,0
1690932032377,1,1010123456004,78,,0,0,0,1,0,,0,0,0,0,0,0,8,,0,0,0,0,0,0,0,0,0,,0,0,,0,0,0,0
1690932032627,1,1010123456004,78,,0,0,0,1,0,,0,0,0,0,0,0,8.16667,,0,0,0,0,0,0,0,0,0,,0,0,,0,0,0,0
1690932032877,1,1010123456004,78,,0,0,0,1,0,,0,0,0,0,0,0,8,,0,0,0,0,0,0,0,0,0,,0,0,,0,0,0,0
1690932033127,1,1010123456004,78,,0,0,0,1,0,,0,0,0,0,0,0,8.42857,,0,0,0,0,0,0,0,0,0,,0,0,,0,0,0,0
1690932033377,1,1010123456004,78,,0,0,0,1,0,,0,0,0,0,0,0,8.33333,,0,0,0,0,0,0,0,0,0,,0,0,,0,0,0,0
1690932033627,1,1010123456004,78,,0,0,0,1,0,,0,0,0,0,0,0,8.5,,0,0,0,0,0,0,0,0,0,,0,0,,0,0,0,0
1690932033877,1,1010123456004,78,,0,0,0,1,0,,0,0,0,0,0,0,8.33333,,0,0,0,0,0,0,0,0,0,,0,0,,0,0,0,0
1690932034127,1,1010123456004,78,,0,0,0,1,0,,0,0,0,0,0,0,8.28571,,0,0,0,0,0,0,0,0,0,,0,0,,0,0,0,0
1690932034377,1,1010123456004,78,,0,0,0,1,0,,0,0,0,0,0,0,8,,0,0,0,0,0,0,0,0,0,,0,0,,0,0,0,0
1690932034627,1,1010123456004,78,,0,0,0,1,0,,0,0,0,0,0,0,8,,0,0,0,0,0,0,0,0,0,,0,0,,0,0,0,0
1690932034877,1,1010123456004,78,,0,0,0,1,0,,0,0,0,0,0,0,8.33333,,0,0,0,0,0,0,0,0,0,,0,0,,0,0,0,0
1690932035127,1,1010123456004,78,,0,0,0,1,0,,0,0,0,0,0,0,8.42857,,0,0,0,0,0,0,0,0,0,,0,0,,0,0,0,0
1690932035377,1,1010123456004,78,,0,0,0,1,0,,0,0,0,0,0,0,8.33333,,0,0,0,0,0,0,0,0,0,,0,0,,0,0,0,0
1690932035627,1,1010123456004,78,,0,0,0,1,0,,0,0,0,0,0,0,8,,0,0,0,0,0,0,0,0,0,,0,0,,0,0,0,0
1690932035877,1,1010123456004,78,,0,0,0,1,0,,0,0,0,0,0,0,8,,0,0,0,0,0,0,0,0,0,,0,0,,0,0,0,0
1690932036127,1,1010123456004,78,,0,0,0,1,0,,0,0,0,0,0,0,8.57143,,0,0,0,0,0,0,0,0,0,,0,0,,0,0,0,0
1690932036377,1,1010123456004,78,,0,0,0,1,0,,0,0,0,0,0,0,8,,0,0,0,0,0,0,0,0,0,,0,0,,0,0,0,0
1690932036627,1,1010123456004,78,,0,0,0,1,0,,0,0,0,0,0,0,8.5,,0,0,0,0,0,0,0,0,0,,0,0,,0,0,0,0
1690932036877,1,1010123456004,78,,0,0,0,1,0,,0,0,0,0,0,0,8.16667,,0,0,0,0,0,0,0,0,0,,0,0,,0,0,0,0
1690932037127,1,1010123456004,78,,0,0,0,1,0,,0,0,0,0,0,0,8.57143,,0,0,0,0,0,0,0,0,0,,0,0,,0,0,0,0
1690932037377,1,1010123456004,78,,0,0,0,1,0,,0,0,0,0,0,0,8.33333,,0,0,0,0,0,0,0,0,0,,0,0,,0,0,0,0
1690932037627,1,1010123456004,78,,0,0,0,1,0,,0,0,0,0,0,0,8.33333,,0,0,0,0,0,0,0,0,0,,0,0,,0,0,0,0
1690932037877,1,1010123456004,78,,0,0,0,1,0,,0,0,0,0,0,0,8.33333,,0,0,0,0,0,0,0,0,0,,0,0,,0,0,0,0
1690932038127,1,1010123456004,78,,0,0,0,1,0,,0,0,0,0,0,0,8.14286,,0,0,0,0,0,0,0,0,0,,0,0,,0,0,0,0
1690932038377,1,1010123456004,78,,0,0,0,1,0,,0,0,0,0,0,0,8.16667,,0,0,0,0,0,0,0,0,0,,0,0,,0,0,0,0
1690932038627,1,1010123456004,78,,0,0,0,1,0,,0,0,0,0,0,0,8.33333,,0,0,0,0,0,0,0,0,0,,0,0,,0,0,0,0
1690932038877,1,1010123456004,78,,0,0,0,1,0,,0,0,0,0,0,0,8,,0,0,0,0,0,0,0,0,0,,0,0,,0,0,0,0
1690932039127,1,1010123456004,78,,0,0,0,1,0,,0,0,0,0,0,0,8.14286,,15,4,0,0.1,1,0,0,33.8379,31,,0,0,,0,0,0,1
1690932039377,1,1010123456004,78,,0,0,0,1,0,,0,0,0,0,0,0,8,,0,0,0,0,0,0,0,0,0,,0,0,,0,0,0,0
1690932039627,1,1010123456004,78,,0,0,0,1,0,,0,0,0,0,0,0,8.16667,,0,0,0,0,0,0,0,0,0,,0,0,,0,0,0,0
1690932039877,1,1010123456004,78,,0,0,0,1,0,,0,0,0,0,0,0,8,,0,0,0,0,0,0,0,0,0,,0,0,,0,0,0,0
1690932040127,1,1010123456004,78,,0,0,0,1,0,,0,0,0,0,0,0,8.14286,,0,0,0,0,0,0,0,0,0,,0,0,,0,0,0,0
1690932040377,1,1010123456004,78,,0,0,0,1,0,,0,0,0,0,0,0,8.16667,,0,0,0,0,0,0,0,0,0,,0,0,,0,0,0,0
1690932040627,1,1010123456004,78,,0,0,0,1,0,,0,0,0,0,0,0,8,,0,0,0,0,0,0,0,0,0,,0,0,,0,0,0,0
1690932040877,1,1010123456004,78,,0,0,0,1,0,,0,0,0,0,0,0,8.16667,,0,0,0,0,0,0,0,0,0,,0,0,,0,0,0,0
1690932041127,1,1010123456004,78,,0,0,0,1,0,,0,0,0,0,0,0,8.28571,,0,0,0,0,0,0,0,0,0,,0,0,,0,0,0,0
1690932041377,1,1010123456004,78,,0,0,0,1,0,,0,0,0,0,0,0,8.33333,,0,0,0,0,0,0,0,0,0,,0,0,,0,0,0,0
1690932041627,1,1010123456004,78,,0,0,0,1,0,,0,0,0,0,0,0,8.33333,,0,0,0,0,0,0,0,0,0,,0,0,,0,0,0,0
1690932041877,1,1010123456004,78,,0,0,0,1,0,,0,0,0,0,0,0,8.16667,,0,0,0,0,0,0,0,0,0,,0,0,,0,0,0,0
1690932042127,1,1010123456004,78,,0,0,0,1,0,,0,0,0,0,0,0,8.42857,,0,0,0,0,0,0,0,0,0,,0,0,,0,0,0,0
1690932042377,1,1010123456004,78,,0,0,0,1,0,,0,0,0,0,0,0,8.16667,,0,0,0,0,0,0,0,0,0,,0,0,,0,0,0,0
1690932042627,1,1010123456004,78,,0,0,0,1,0,,0,0,0,0,0,0,8.5,,0,0,0,0,0,0,0,0,0,,0,0,,0,0,0,0
1690932042877,1,1010123456004,78,,0,0,0,1,0,,0,0,0,0,0,0,8.16667,,0,0,0,0,0,0,0,0,0,,0,0,,0,0,0,0
1690932043127,1,1010123456004,78,,0,0,0,1,0,,0,0,0,0,0,0,8.14286,,0,0,0,0,0,0,0,0,0,,0,0,,0,0,0,0
1690932043377,1,1010123456004,78,,0,0,0,1,0,,0,0,0,0,0,0,8.16667,,0,0,0,0,0,0,0,0,0,,0,0,,0,0,0,0
1690932043627,1,1010123456004,78,,0,0,0,1,0,,0,0,0,0,0,0,8,,0,0,0,0,0,0,0,0,0,,0,0,,0,0,0,0
1690932043877,1,1010123456004,78,,0,0,0,1,0,,0,0,0,0,0,0,8.16667,,0,0,0,0,0,0,0,0,0,,0,0,,0,0,0,0
1690932044127,1,1010123456004,78,,0,0,0,1,0,,0,0,0,0,0,0,8.14286,,0,0,0,0,0,0,0,0,0,,0,0,,0,0,0,0
1690932044377,1,1010123456004,78,,0,0,0,1,0,,0,0,0,0,0,0,8.16667,,0,0,0,0,0,0,0,0,0,,0,0,,0,0,0,0
1690932044627,2,1010123456004,78,,0,0,0,1,0,,0,0,0,0,0,0,8.16667,,0,0,0,0,0,0,0,0,0,,0,0,,0,0,0,0
1690932044877,2,1010123456004,78,,0,0,0,1,0,,0,0,0,0,0,0,7.4,,0,0,0,0,0,0,0,0,0,,0,0,,0,0,0,0
1690932045127,2,1010123456004,78,,0,0,0,1,0,,0,0,0,0,0,0,7.71429,,15,16,0,0.1,4,0,0,34.8127,31,,0,0,,0,0,0,1
1690932045377,2,1010123456004,78,,0,0,0,1,0,,0,0,0,0,0,0,7.66667,,15,12,0,0.1,3,0,0,33.9696,31,,0,0,,0,0,0,1
1690932045627,2,1010123456004,78,,0,0,0,1,0,,0,0,0,0,0,0,6.5,,15,4,0,0.1,1,0,0,34.1536,31,,0,0,,0,0,0,1
1690932045877,2,1010123456004,78,,0,0,0,1,0,,0,0,0,0,0,0,8,,0,0,0,0,0,0,0,0,0,,0,0,,0,0,0,0
1690932046127,2,1010123456004,78,,0,0,0,1,0,,0,0,0,0,0,0,6.42857,,0,0,0,0,0,0,0,0,0,,0,0,,0,0,0,0
1690932046377,2,1010123456004,78,,0,0,0,1,0,,0,0,0,0,0,0,8,,0,0,0,0,0,0,0,0,0,,0,0,,0,0,0,0
1690932046627,2,1010123456004,78,,0,0,0,1,0,,0,0,0,0,0,0,7.83333,,0,0,0,0,0,0,0,0,0,,0,0,,0,0,0,0
1690932046877,2,1010123456004,78,,0,0,0,1,0,,0,0,0,0,0,0,6.33333,,0,0,0,0,0,0,0,0,0,,0,0,,0,0,0,0
1690932047127,2,1010123456004,78,,0,0,0,1,0,,0,0,0,0,0,0,7.57143,,0,0,0,0,0,0,0,0,0,,0,0,,0,0,0,0
1690932047377,2,1010123456004,78,,0,0,0,1,0,,0,0,0,0,0,0,6.5,,0,0,0,0,0,0,0,0,0,,0,0,,0,0,0,0
1690932047627,2,1010123456004,78,,0,0,0,1,0,,0,0,0,0,0,0,8.33333,,0,0,0,0,0,0,0,0,0,,0,0,,0,0,0,0
1690932047877,2,1010123456004,78,,0,0,0,1,0,,0,0,0,0,0,0,7.5,,0,0,0,0,0,0,0,0,0,,0,0,,0,0,0,0
1690932048127,2,1010123456004,78,,0,0,0,1,0,,0,0,0,0,0,0,8.57143,,0,0,0,0,0,0,0,0,0,,0,0,,0,0,0,0
1690932048377,2,1010123456004,78,,0,0,0,1,0,,0,0,0,0,0,0,7.5,,0,0,0,0,0,0,0,0,0,,0,0,,0,0,0,0
1690932048627,2,1010123456004,78,,0,0,0,1,0,,0,0,0,0,0,0,7.16667,,0,0,0,0,0,0,0,0,0,,0,0,,0,0,0,0
1690932048877,2,1010123456004,78,,0,0,0,1,0,,0,0,0,0,0,0,6.83333,,0,0,0,0,0,0,0,0,0,,0,0,,0,0,0,0
1690932049127,2,1010123456004,78,,0,0,0,1,0,,0,0,0,0,0,0,7.71429,,0,0,0,0,0,0,0,0,0,,0,0,,0,0,0,0
1690932049377,2,1010123456004,78,,0,0,0,1,0,,0,0,0,0,0,0,8,,0,0,0,0,0,0,0,0,0,,0,0,,0,0,0,0
1690932191627,6,1010123456004,88,,0,0,0,1,0,,0,3,0,0.001024,1,0,0.1,,0,3,0,0.1,1,0,0,0,0,,3,3,,0,0,0,0
1690932191877,6,1010123456004,88,,0,0,0,1,0,,0.857143,7,0,0.0008,2,0,0.1,,11.5714,7,0,0.1,2,0,0,34.8972,31,,3,6,,0,0,0,1
1690932192127,6,1010123456004,88,,0,0,0,1,0,,1.61538,13,0,0.008064,4,0,5.42857,,12.5357,28,0,0.1,8,0,0,35.4472,31,,63,65,,0,0,0,1
1690932192377,6,1010123456004,88,,0,0,0,1,0,,0,0,0,0,0,0,9.4,,0,0,0,0,0,0,0,0,0,,0,0,,0,0,0,0
1690932192627,6,1010123456004,88,,0,0,0,1,0,,0,0,0,0,0,0,8,,0,0,0,0,0,0,0,0,0,,0,0,,0,0,0,0
1690932192877,6,1010123456004,88,,0,0,0,1,0,,0,0,0,0,0,0,7,,0,0,0,0,0,0,0,0,0,,0,0,,0,0,0,0
1690932193127,6,1010123456004,88,,0,0,0,1,0,,0,0,0,0,0,0,7.66667,,0,0,0,0,0,0,0,0,0,,0,0,,0,0,0,0
1690932193377,6,1010123456004,88,,0,0,0,1,0,,0,0,0,0,0,0,8.2,,0,0,0,0,0,0,0,0,0,,0,0,,0,0,0,0
1690932193627,7,1010123456004,88,,0,0,0,1,0,,0,0,0,0,0,0,7.5,,0,0,0,0,0,0,0,0,0,,0,0,,0,0,0,0
1690932193877,7,1010123456004,88,,0,0,0,1,0,,0,0,0,0,0,0,6.66667,,0,0,0,0,0,0,0,0,0,,0,0,,0,0,0,0
1690932194127,7,1010123456004,88,,0,0,0,1,0,,0,0,0,0,0,0,9.66667,,0,0,0,0,0,0,0,0,0,,0,0,,0,0,0,0
1690932194377,7,1010123456004,88,,0,0,0,1,0,,0,0,0,0,0,0,5,,0,0,0,0,0,0,0,0,0,,0,0,,0,0,0,0
1690932194627,7,1010123456004,88,,0,0,0,1,0,,0,0,0,0,0,0,5.25,,0,0,0,0,0,0,0,0,0,,0,0,,0,0,0,0
1690932194877,7,1010123456004,88,,0,0,0,1,0,,0,0,0,0,0,0,7.5,,0,0,0,0,0,0,0,0,0,,0,0,,0,0,0,0
1690932195127,7,1010123456004,88,,0,0,0,1,0,,0,0,0,0,0,0,7.5,,0,0,0,0,0,0,0,0,0,,0,0,,0,0,0,0
1690932195377,7,1010123456004,88,,0,0,0,1,0,,0,0,0,0,0,0,8.66667,,0,0,0,0,0,0,0,0,0,,0,0,,0,0,0,0
1690932195627,7,1010123456004,88,,0,0,0,1,0,,0,0,0,0,0,0,9,,0,0,0,0,0,0,0,0,0,,0,0,,0,0,0,0
1690932195877,7,1010123456004,88,,0,0,0,1,0,,0,0,0,0,0,0,8,,0,0,0,0,0,0,0,0,0,,0,0,,0,0,0,0
1690932196127,7,1010123456004,88,,0,0,0,1,0,,0,0,0,0,0,0,8.66667,,0,0,0,0,0,0,0,0,0,,0,0,,0,0,0,0
1690932196377,7,1010123456004,88,,0,0,0,1,0,,0,0,0,0,0,0,7.8,,0,0,0,0,0,0,0,0,0,,0,0,,0,0,0,0
1690932196627,7,1010123456004,88,,0,0,0,1,0,,0,0,0,0,0,0,5.8,,0,0,0,0,0,0,0,0,0,,0,0,,0,0,0,0
1690932196877,7,1010123456004,88,,0,0,0,1,0,,0,0,0,0,0,0,7,,0,0,0,0,0,0,0,0,0,,0,0,,0,0,0,0
1690932197127,7,1010123456004,88,,0,0,0,1,0,,0,0,0,0,0,0,9,,13.7143,7,0,0.1,2,0,0,35.4484,31,,0,0,,0,0,0,1
1690932197377,8,1010123456004,88,,0,0,0,1,0,,0,0,0,0,0,0,8.25,,0,0,0,0,0,0,0,0,0,,0,0,,0,0,0,0
1690932197627,8,1010123456004,88,,0,0,0,1,0,,0,0,0,0,0,0,7,,0,0,0,0,0,0,0,0,0,,0,0,,0,0,0,0
1690932197877,8,1010123456004,88,,0,0,0,1,0,,0,0,0,0,0,0,7,,0,0,0,0,0,0,0,0,0,,0,0,,0,0,0,0
1690932198127,8,1010123456004,88,,0,0,0,1,0,,0,0,0,0,0,0,5,,0,0,0,0,0,0,0,0,0,,0,0,,0,0,0,0
1690932198377,8,1010123456004,88,,0,0,0,1,0,,0,0,0,0,0,0,9.5,,0,0,0,0,0,0,0,0,0,,0,0,,0,0,0,0
1690932198627,8,1010123456004,88,,0,0,0,1,0,,0,0,0,0,0,0,5,,0,0,0,0,0,0,0,0,0,,0,0,,0,0,0,0
1690932198877,8,1010123456004,88,,0,0,0,1,0,,0,0,0,0,0,0,7.66667,,0,0,0,0,0,0,0,0,0,,0,0,,0,0,0,0
1690932199127,8,1010123456004,88,,0,0,0,1,0,,0,0,0,0,0,0,5.83333,,0,0,0,0,0,0,0,0,0,,0,0,,0,0,0,0
1690932199377,8,1010123456004,88,,0,0,0,1,0,,0,0,0,0,0,0,6.66667,,0,0,0,0,0,0,0,0,0,,0,0,,0,0,0,0
1690932199627,8,1010123456004,88,,0,0,0,1,0,,0,0,0,0,0,0,7,,0,0,0,0,0,0,0,0,0,,0,0,,0,0,0,0
1690932199877,8,1010123456004,88,,0,0,0,1,0,,0,0,0,0,0,0,8,,0,0,0,0,0,0,0,0,0,,0,0,,0,0,0,0
1690932200127,8,1010123456004,88,,0,0,0,1,0,,0,0,0,0,0,0,7.8,,0,0,0,0,0,0,0,0,0,,0,0,,0,0,0,0
1690932200377,8,1010123456004,88,,0,0,0,1,0,,0,0,0,0,0,0,8,,0,0,0,0,0,0,0,0,0,,0,0,,0,0,0,0
1690932200627,8,1010123456004,88,,0,0,0,1,0,,0,0,0,0,0,0,6.33333,,0,0,0,0,0,0,0,0,0,,0,0,,0,0,0,0
1690932200877,8,1010123456004,88,,0,0,0,1,0,,0,0,0,0,0,0,0.1,,0,0,0,0,0,0,0,0,0,,0,0,,0,0,0,0
1690932201127,8,1010123456004,88,,0,0,0,1,0,,0,0,0,0,0,0,8,,0,0,0,0,0,0,0,0,0,,0,0,,0,0,0,0
1690932201377,8,1010123456004,88,,0,0,0,1,0,,0,0,0,0,0,0,8,,0,0,0,0,0,0,0,0,0,,0,0,,0,0,0,0
1690932201627,8,1010123456004,88,,0,0,0,1,0,,0,0,0,0,0,0,7.4,,0,0,0,0,0,0,0,0,0,,0,0,,0,0,0,0
1690932201877,8,1010123456004,88,,0,0,0,1,0,,0,0,0,0,0,0,8,,0,0,0,0,0,0,0,0,0,,0,0,,0,0,0,0
1690932202127,8,1010123456004,88,,0,0,0,1,0,,0,0,0,0,0,0,7.16667,,0,0,0,0,0,0,0,0,0,,0,0,,0,0,0,0
1690932202377,8,1010123456004,88,,0,0,0,1,0,,0,0,0,0,0,0,7.33333,,0,0,0,0,0,0,0,0,0,,0,0,,0,0,0,0
1690932202627,8,1010123456004,88,,0,0,0,1,0,,0,0,0,0,0,0,6.6,,0,0,0,0,0,0,0,0,0,,0,0,,0,0,0,0
1690932202877,8,1010123456004,88,,0,0,0,1,0,,0,0,0,0,0,0,8,,0,0,0,0,0,0,0,0,0,,0,0,,0,0,0,0
1690932203127,8,1010123456004,88,,0,0,0,1,0,,0,0,0,0,0,0,7.33333,,0,0,0,0,0,0,0,0,0,,0,0,,0,0,0,0
1690932203377,8,1010123456004,88,,0,0,0,1,0,,0,0,0,0,0,0,7,,0,0,0,0,0,0,0,0,0,,0,0,,0,0,0,0
1690932203627,8,1010123456004,88,,0,0,0,1,0,,0,0,0,0,0,0,7.33333,,0,0,0,0,0,0,0,0,0,,0,0,,0,0,0,0
1690932203877,8,1010123456004,88,,0,0,0,1,0,,0,0,0,0,0,0,6.33333,,0,0,0,0,0,0,0,0,0,,0,0,,0,0,0,0
1690932204127,8,1010123456004,88,,0,0,0,1,0,,0,0,0,0,0,0,7.75,,0,0,0,0,0,0,0,0,0,,0,0,,0,0,0,0
1690932204377,8,1010123456004,88,,0,0,0,1,0,,0,0,0,0,0,0,9.5,,0,0,0,0,0,0,0,0,0,,0,0,,0,0,0,0
1690932204627,8,1010123456004,88,,0,0,0,1,0,,0,0,0,0,0,0,6.5,,0,0,0,0,0,0,0,0,0,,0,0,,0,0,0,0
1690932204877,8,1010123456004,88,,0,0,0,1,0,,0,0,0,0,0,0,7.5,,0,0,0,0,0,0,0,0,0,,0,0,,0,0,0,0
1690932205127,8,1010123456004,88,,0,0,0,1,0,,0,0,0,0,0,0,8.6,,0,0,0,0,0,0,0,0,0,,0,0,,0,0,0,0
1690932205377,8,1010123456004,88,,0,0,0,1,0,,0,0,0,0,0,0,9,,0,0,0,0,0,0,0,0,0,,0,0,,0,0,0,0
1690932205627,8,1010123456004,88,,0,0,0,1,0,,0,0,0,0,0,0,8,,0,0,0,0,0,0,0,0,0,,0,0,,0,0,0,0
1690932205877,8,1010123456004,88,,0,0,0,1,0,,0,0,0,0,0,0,8,,0,0,0,0,0,0,0,0,0,,0,0,,0,0,0,0
1690932206127,8,1010123456004,88,,0,0,0,1,0,,0,0,0,0,0,0,7.5,,0,0,0,0,0,0,0,0,0,,0,0,,0,0,0,0
1690932206377,8,1010123456004,88,,0,0,0,1,0,,0,0,0,0,0,0,7.75,,0,0,0,0,0,0,0,0,0,,0,0,,0,0,0,0
1690932206627,8,1010123456004,88,,0,0,0,1,0,,0,0,0,0,0,0,7.5,,0,0,0,0,0,0,0,0,0,,0,0,,0,0,0,0
1690932206877,8,1010123456004,88,,0,0,0,1,0,,0,0,0,0,0,0,7.75,,0,0,0,0,0,0,0,0,0,,0,0,,0,0,0,0
1690932207127,8,1010123456004,88,,0,0,0,1,0,,0,0,0,0,0,0,8,,0,0,0,0,0,0,0,0,0,,0,0,,0,0,0,0
1690932207377,8,1010123456004,88,,0,0,0,1,0,,0,0,0,0,0,0,8.4,,0,0,0,0,0,0,0,0,0,,0,0,,0,0,0,0
1690932207627,8,1010123456004,88,,0,0,0,1,0,,0,0,0,0,0,0,9,,0,0,0,0,0,0,0,0,0,,0,0,,0,0,0,0
1690932207877,8,1010123456004,88,,0,0,0,1,0,,0,0,0,0,0,0,6,,0,0,0,0,0,0,0,0,0,,0,0,,0,0,0,0
1690932208127,8,1010123456004,88,,0,0,0,1,0,,0,0,0,0,0,0,8,,0,0,0,0,0,0,0,0,0,,0,0,,0,0,0,0
1690932208377,8,1010123456004,88,,0,0,0,1,0,,0,0,0,0,0,0,9,,0,0,0,0,0,0,0,0,0,,0,0,,0,0,0,0
1690932208627,8,1010123456004,88,,0,0,0,1,0,,0,0,0,0,0,0,8.5,,0,0,0,0,0,0,0,0,0,,0,0,,0,0,0,0
1690932208877,8,1010123456004,88,,0,0,0,1,0,,0,0,0,0,0,0,7.5,,0,0,0,0,0,0,0,0,0,,0,0,,0,0,0,0
1690932209127,8,1010123456004,88,,0,0,0,1,0,,0,0,0,0,0,0,7,,0,0,0,0,0,0,0,0,0,,0,0,,0,0,0,0
1690932209377,8,1010123456004,88,,0,0,0,1,0,,0,0,0,0,0,0,6,,0,0,0,0,0,0,0,0,0,,0,0,,0,0,0,0
1690932209627,8,1010123456004,88,,0,0,0,1,0,,0,0,0,0,0,0,10,,0,0,0,0,0,0,0,0,0,,0,0,,0,0,0,0
1690932209877,8,1010123456004,88,,0,0,0,1,0,,0,0,0,0,0,0,6.8,,0,0,0,0,0,0,0,0,0,,0,0,,0,0,0,0
1690932210127,8,1010123456004,88,,0,0,0,1,0,,0,0,0,0,0,0,8.4,,15,4,0,0.1,1,0,0,34.0841,31,,0,0,,0,0,0,1
1690932210377,8,1010123456004,88,,0,0,0,1,0,,0,0,0,0,0,0,8,,0,0,0,0,0,0,0,0,0,,0,0,,0,0,0,0
1690932210627,8,1010123456004,88,,0,0,0,1,0,,0,0,0,0,0,0,8,,0,0,0,0,0,0,0,0,0,,0,0,,0,0,0,0
1690932210877,8,1010123456004,88,,0,0,0,1,0,,0,0,0,0,0,0,7,,0,0,0,0,0,0,0,0,0,,0,0,,0,0,0,0
1690932211127,8,1010123456004,88,,0,0,0,1,0,,0,0,0,0,0,0,8,,0,0,0,0,0,0,0,0,0,,0,0,,0,0,0,0
1690932211377,8,1010123456004,88,,0,0,0,1,0,,0,0,0,0,0,0,6.75,,0,0,0,0,0,0,0,0,0,,0,0,,0,0,0,0
1690932211627,8,1010123456004,88,,0,0,0,1,0,,0,0,0,0,0,0,7.5,,0,0,0,0,0,0,0,0,0,,0,0,,0,0,0,0
1690932211877,8,1010123456004,88,,0,0,0,1,0,,0,0,0,0,0,0,7.75,,0,0,0,0,0,0,0,0,0,,0,0,,0,0,0,0
1690932212127,8,1010123456004,88,,0,0,0,1,0,,0,0,0,0,0,0,8,,0,0,0,0,0,0,0,0,0,,0,0,,0,0,0,0
1690932212377,8,1010123456004,88,,0,0,0,1,0,,0,0,0,0,0,0,7.75,,0,0,0,0,0,0,0,0,0,,0,0,,0,0,0,0
1690932212627,8,1010123456004,88,,0,0,0,1,0,,0,0,0,0,0,0,7,,0,0,0,0,0,0,0,0,0,,0,0,,0,0,0,0
1690932212877,8,1010123456004,88,,0,0,0,1,0,,0,0,0,0,0,0,8,,0,0,0,0,0,0,0,0,0,,0,0,,0,0,0,0
1690932213127,8,1010123456004,88,,0,0,0,1,0,,0,0,0,0,0,0,4.5,,0,0,0,0,0,0,0,0,0,,0,0,,0,0,0,0
1690932213377,8,1010123456004,88,,0,0,0,1,0,,0,0,0,0,0,0,8.75,,0,0,0,0,0,0,0,0,0,,0,0,,0,0,0,0
1690932213627,8,1010123456004,88,,0,0,0,1,0,,0,0,0,0,0,0,6,,0,0,0,0,0,0,0,0,0,,0,0,,0,0,0,0
1690932213877,8,1010123456004,88,,0,0,0,1,0,,0,0,0,0,0,0,8,,0,0,0,0,0,0,0,0,0,,0,0,,0,0,0,0
1690932214127,8,1010123456004,88,,0,0,0,1,0,,0,0,0,0,0,0,7.6,,0,0,0,0,0,0,0,0,0,,0,0,,0,0,0,0
1690932214377,8,1010123456004,88,,0,0,0,1,0,,0,0,0,0,0,0,7,,0,0,0,0,0,0,0,0,0,,0,0,,0,0,0,0
1690932214627,8,1010123456004,88,,0,0,0,1,0,,0,0,0,0,0,0,6.66667,,0,0,0,0,0,0,0,0,0,,0,0,,0,0,0,0
1690932214877,8,1010123456004,88,,0,0,0,1,0,,0,0,0,0,0,0,7.5,,0,0,0,0,0,0,0,0,0,,0,0,,0,0,0,0
1690932215127,8,1010123456004,88,,0,0,0,1,0,,0,0,0,0,0,0,6.8,,0,0,0,0,0,0,0,0,0,,0,0,,0,0,0,0
1690932215377,8,1010123456004,88,,0,0,0,1,0,,0,0,0,0,0,0,8,,0,0,0,0,0,0,0,0,0,,0,0,,0,0,0,0
1690932215627,8,1010123456004,88,,0,0,0,1,0,,0,0,0,0,0,0,4.5,,0,0,0,0,0,0,0,0,0,,0,0,,0,0,0,0
1690932215877,8,1010123456004,88,,0,0,0,1,0,,0,0,0,0,0,0,8,,0,0,0,0,0,0,0,0,0,,0,0,,0,0,0,0
1690932216127,8,1010123456004,88,,0,0,0,1,0,,0,0,0,0,0,0,7.66667,,0,0,0,0,0,0,0,0,0,,0,0,,0,0,0,0
1690932216377,8,1010123456004,88,,0,0,0,1,0,,0,0,0,0,0,0,9,,0,0,0,0,0,0,0,0,0,,0,0,,0,0,0,0
1690932216627,8,1010123456004,88,,0,0,0,1,0,,0,0,0,0,0,0,8,,15,4,0,0.1,1,0,0,34.599,31,,0,0,,0,0,0,1
1690932216877,8,1010123456004,88,,0,0,0,1,0,,0,0,0,0,0,0,6.33333,,0,0,0,0,0,0,0,0,0,,0,0,,0,0,0,0
1690932217127,8,1010123456004,88,,0,0,0,1,0,,0,0,0,0,0,0,8,,0,0,0,0,0,0,0,0,0,,0,0,,0,0,0,0
1690932217377,8,1010123456004,88,,0,0,0,1,0,,0,0,0,0,0,0,6.25,,0,0,0,0,0,0,0,0,0,,0,0,,0,0,0,0
1690932217627,8,1010123456004,88,,0,0,0,1,0,,0,0,0,0,0,0,7.66667,,0,0,0,0,0,0,0,0,0,,0,0,,0,0,0,0
1690932217877,8,1010123456004,88,,0,0,0,1,0,,0,0,0,0,0,0,7.66667,,0,0,0,0,0,0,0,0,0,,0,0,,0,0,0,0
1690932218127,8,1010123456004,88,,0,0,0,1,0,,0,0,0,0,0,0,7.2,,0,0,0,0,0,0,0,0,0,,0,0,,0,0,0,0
1690932218377,8,1010123456004,88,,0,0,0,1,0,,0,0,0,0,0,0,0.1,,0,0,0,0,0,0,0,0,0,,0,0,,0,0,0,0
1690932218627,8,1010123456004,88,,0,0,0,1,0,,0,0,0,0,0,0,8,,0,0,0,0,0,0,0,0,0,,0,0,,0,0,0,0
1690932218877,8,1010123456004,88,,0,0,0,1,0,,0,0,0,0,0,0,8,,0,0,0,0,0,0,0,0,0,,0,0,,0,0,0,0
1690932219127,8,1010123456004,88,,0,0,0,1,0,,0,0,0,0,0,0,8.33333,,0,0,0,0,0,0,0,0,0,,0,0,,0,0,0,0
1690932219377,8,1010123456004,88,,0,0,0,1,0,,0,0,0,0,0,0,7,,0,0,0,0,0,0,0,0,0,,0,0,,0,0,0,0
1690932219627,8,1010123456004,88,,0,0,0,1,0,,0,0,0,0,0,0,7.75,,0,0,0,0,0,0,0,0,0,,0,0,,0,0,0,0
1690932219877,8,1010123456004,88,,0,0,0,1,0,,0,0,0,0,0,0,0.1,,0,0,0,0,0,0,0,0,0,,0,0,,0,0,0,0
1690932220127,8,1010123456004,88,,0,0,0,1,0,,0,0,0,0,0,0,8,,0,0,0,0,0,0,0,0,0,,0,0,,0,0,0,0
1690932220377,8,1010123456004,88,,0,0,0,1,0,,0,0,0,0,0,0,8.33333,,0,0,0,0,0,0,0,0,0,,0,0,,0,0,0,0
1690932220627,8,1010123456004,88,,0,0,0,1,0,,0,0,0,0,0,0,8,,0,0,0,0,0,0,0,0,0,,0,0,,0,0,0,0
1690932220877,8,1010123456004,88,,0,0,0,1,0,,0,0,0,0,0,0,7.75,,0,0,0,0,0,0,0,0,0,,0,0,,0,0,0,0
1690932221127,8,1010123456004,88,,0,0,0,1,0,,0,0,0,0,0,0,6.33333,,0,0,0,0,0,0,0,0,0,,0,0,,0,0,0,0
1690932221377,8,1010123456004,88,,0,0,0,1,0,,0,0,0,0,0,0,8,,0,0,0,0,0,0,0,0,0,,0,0,,0,0,0,0
1690932221627,8,1010123456004,88,,0,0,0,1,0,,0,0,0,0,0,0,8.33333,,0,0,0,0,0,0,0,0,0,,0,0,,0,0,0,0
1690932221877,8,1010123456004,88,,0,0,0,1,0,,0,0,0,0,0,0,0.1,,0,0,0,0,0,0,0,0,0,,0,0,,0,0,0,0
1690932222127,8,1010123456004,88,,0,0,0,1,0,,0,0,0,0,0,0,6.33333,,0,0,0,0,0,0,0,0,0,,0,0,,0,0,0,0
1690932222377,8,1010123456004,88,,0,0,0,1,0,,0,0,0,0,0,0,6,,0,0,0,0,0,0,0,0,0,,0,0,,0,0,0,0
1690932222627,8,1010123456004,88,,0,0,0,1,0,,0,0,0,0,0,0,8,,0,0,0,0,0,0,0,0,0,,0,0,,0,0,0,0
1690932222877,8,1010123456004,88,,0,0,0,1,0,,0,0,0,0,0,0,7.5,,0,0,0,0,0,0,0,0,0,,0,0,,0,0,0,0
1690932223127,8,1010123456004,88,,0,0,0,1,0,,0,0,0,0,0,0,5.5,,0,0,0,0,0,0,0,0,0,,0,0,,0,0,0,0
1690932223377,8,1010123456004,88,,0,0,0,1,0,,0,0,0,0,0,0,0.1,,0,0,0,0,0,0,0,0,0,,0,0,,0,0,0,0
1690932223627,8,1010123456004,88,,0,0,0,1,0,,0,0,0,0,0,0,6,,0,0,0,0,0,0,0,0,0,,0,0,,0,0,0,0
1690932223877,8,1010123456004,88,,0,0,0,1,0,,0,0,0,0,0,0,8,,0,0,0,0,0,0,0,0,0,,0,0,,0,0,0,0
1690932224127,8,1010123456004,88,,0,0,0,1,0,,0,0,0,0,0,0,6.33333,,0,0,0,0,0,0,0,0,0,,0,0,,0,0,0,0
1690932224377,8,1010123456004,88,,0,0,0,1,0,,0,0,0,0,0,0,8,,0,0,0,0,0,0,0,0,0,,0,0,,0,0,0,0
1690932224627,8,1010123456004,88,,0,0,0,1,0,,0,0,0,0,0,0,0.1,,0,0,0,0,0,0,0,0,0,,0,0,,0,0,0,0
1690932224877,8,1010123456004,88,,0,0,0,1,0,,0,0,0,0,0,0,2,,0,0,0,0,0,0,0,0,0,,0,0,,0,0,0,0
1690932225127,8,1010123456004,88,,0,0,0,1,0,,0,0,0,0,0,0,7.75,,0,0,0,0,0,0,0,0,0,,0,0,,0,0,0,0
1690932225377,8,1010123456004,88,,0,0,0,1,0,,0,0,0,0,0,0,8,,0,0,0,0,0,0,0,0,0,,0,0,,0,0,0,0
1690932225627,8,1010123456004,88,,0,0,0,1,0,,0,0,0,0,0,0,7.75,,0,0,0,0,0,0,0,0,0,,0,0,,0,0,0,0
1690932225877,8,1010123456004,88,,0,0,0,1,0,,0,0,0,0,0,0,7.6,,0,0,0,0,0,0,0,0,0,,0,0,,0,0,0,0
1690932226127,8,1010123456004,88,,0,0,0,1,0,,0,0,0,0,0,0,8.5,,0,0,0,0,0,0,0,0,0,,0,0,,0,0,0,0
1690932226377,8,1010123456004,88,,0,0,0,1,0,,0,0,0,0,0,0,10,,0,0,0,0,0,0,0,0,0,,0,0,,0,0,0,0
1690932226627,8,1010123456004,88,,0,0,0,1,0,,0,0,0,0,0,0,5,,0,0,0,0,0,0,0,0,0,,0,0,,0,0,0,0
1690932226877,8,1010123456004,88,,0,0,0,1,0,,0,0,0,0,0,0,6,,0,0,0,0,0,0,0,0,0,,0,0,,0,0,0,0
1690932227127,8,1010123456004,88,,0,0,0,1,0,,0,0,0,0,0,0,9.5,,0,0,0,0,0,0,0,0,0,,0,0,,0,0,0,0
1690932227377,8,1010123456004,88,,0,0,0,1,0,,0,0,0,0,0,0,8,,0,0,0,0,0,0,0,0,0,,0,0,,0,0,0,0
1690932227627,8,1010123456004,88,,0,0,0,1,0,,0,0,0,0,0,0,9.33333,,0,0,0,0,0,0,0,0,0,,0,0,,0,0,0,0
1690932227877,8,1010123456004,88,,0,0,0,1,0,,0,0,0,0,0,0,7.66667,,0,0,0,0,0,0,0,0,0,,0,0,,0,0,0,0
1690932228127,8,1010123456004,88,,0,0,0,1,0,,0,0,0,0,0,0,7.8,,0,0,0,0,0,0,0,0,0,,0,0,,0,0,0,0
1690932228377,8,1010123456004,88,,0,0,0,1,0,,0,0,0,0,0,0,10.5,,0,0,0,0,0,0,0,0,0,,0,0,,0,0,0,0
1690932228627,8,1010123456004,88,,0,0,0,1,0,,0,0,0,0,0,0,8.6,,0,0,0,0,0,0,0,0,0,,0,0,,0,0,0,0
1690932228877,8,1010123456004,88,,0,0,0,1,0,,0,0,0,0,0,0,9,,0,0,0,0,0,0,0,0,0,,0,0,,0,0,0,0
1690932229127,8,1010123456004,88,,0,0,0,1,0,,0,0,0,0,0,0,4.33333,,15,4,0,0.1,1,0,0,33.7573,31,,0,0,,0,0,0,1
1690932229377,8,1010123456004,88,,0,0,0,1,0,,0,0,0,0,0,0,3,,0,0,0,0,0,0,0,0,0,,0,0,,0,0,0,0
1690932229627,8,1010123456004,88,,0,0,0,1,0,,0,0,0,0,0,0,7.66667,,0,0,0,0,0,0,0,0,0,,0,0,,0,0,0,0
1690932229877,8,1010123456004,88,,0,0,0,1,0,,0,0,0,0,0,0,7,,0,0,0,0,0,0,0,0,0,,0,0,,0,0,0,0
1690932230127,8,1010123456004,88,,0,0,0,1,0,,0,0,0,0,0,0,7.66667,,0,0,0,0,0,0,0,0,0,,0,0,,0,0,0,0
1690932230377,8,1010123456004,88,,0,0,0,1,0,,0,0,0,0,0,0,8.25,,0,0,0,0,0,0,0,0,0,,0,0,,0,0,0,0
1690932230627,8,1010123456004,88,,0,0,0,1,0,,0,0,0,0,0,0,8,,0,0,0,0,0,0,0,0,0,,0,0,,0,0,0,0
1690932230877,8,1010123456004,88,,0,0,0,1,0,,0,0,0,0,0,0,8,,0,0,0,0,0,0,0,0,0,,0,0,,0,0,0,0
1690932231127,8,1010123456004,88,,0,0,0,1,0,,0,0,0,0,0,0,8.25,,0,0,0,0,0,0,0,0,0,,0,0,,0,0,0,0
1690932231377,8,1010123456004,88,,0,0,0,1,0,,0,0,0,0,0,0,8,,0,0,0,0,0,0,0,0,0,,0,0,,0,0,0,0
1690932231627,8,1010123456004,88,,0,0,0,1,0,,0,0,0,0,0,0,7.25,,0,0,0,0,0,0,0,0,0,,0,0,,0,0,0,0
1690932231877,8,1010123456004,88,,0,0,0,1,0,,0,0,0,0,0,0,0.1,,0,0,0,0,0,0,0,0,0,,0,0,,0,0,0,0
1690932232127,8,1010123456004,88,,0,0,0,1,0,,0,0,0,0,0,0,8,,0,0,0,0,0,0,0,0,0,,0,0,,0,0,0,0
1690932232377,8,1010123456004,88,,0,0,0,1,0,,0,0,0,0,0,0,3.5,,0,0,0,0,0,0,0,0,0,,0,0,,0,0,0,0
1690932232627,8,1010123456004,88,,0,0,0,1,0,,0,0,0,0,0,0,6,,0,0,0,0,0,0,0,0,0,,0,0,,0,0,0,0
1690932232877,8,1010123456004,88,,0,0,0,1,0,,0,0,0,0,0,0,8,,0,0,0,0,0,0,0,0,0,,0,0,,0,0,0,0
1690932233127,8,1010123456004,88,,0,0,0,1,0,,0,0,0,0,0,0,8,,0,0,0,0,0,0,0,0,0,,0,0,,0,0,0,0
1690932233377,8,1010123456004,88,,0,0,0,1,0,,0,0,0,0,0,0,8.25,,0,0,0,0,0,0,0,0,0,,0,0,,0,0,0,0
1690932233627,8,1010123456004,88,,0,0,0,1,0,,0,0,0,0,0,0,7,,0,0,0,0,0,0,0,0,0,,0,0,,0,0,0,0
1690932233877,8,1010123456004,88,,0,0,0,1,0,,0,0,0,0,0,0,6,,0,0,0,0,0,0,0,0,0,,0,0,,0,0,0,0
1690932234127,8,1010123456004,88,,0,0,0,1,0,,0,0,0,0,0,0,7.33333,,0,0,0,0,0,0,0,0,0,,0,0,,0,0,0,0
1690932234377,8,1010123456004,88,,0,0,0,1,0,,0,0,0,0,0,0,7,,0,0,0,0,0,0,0,0,0,,0,0,,0,0,0,0
1690932234627,8,1010123456004,88,,0,0,0,1,0,,0,0,0,0,0,0,7.66667,,0,0,0,0,0,0,0,0,0,,0,0,,0,0,0,0
1690932234877,8,1010123456004,88,,0,0,0,1,0,,0,0,0,0,0,0,8.25,,0,0,0,0,0,0,0,0,0,,0,0,,0,0,0,0
1690932235127,8,1010123456004,88,,0,0,0,1,0,,0,0,0,0,0,0,8,,0,0,0,0,0,0,0,0,0,,0,0,,0,0,0,0
1690932235377,8,1010123456004,88,,0,0,0,1,0,,0,0,0,0,0,0,8,,0,0,0,0,0,0,0,0,0,,0,0,,0,0,0,0
1690932235627,8,1010123456004,88,,0,0,0,1,0,,0,0,0,0,0,0,8,,0,0,0,0,0,0,0,0,0,,0,0,,0,0,0,0
1690932235877,8,1010123456004,88,,0,0,0,1,0,,0,0,0,0,0,0,8,,0,0,0,0,0,0,0,0,0,,0,0,,0,0,0,0
1690932236127,8,1010123456004,88,,0,0,0,1,0,,0,0,0,0,0,0,10,,0,0,0,0,0,0,0,0,0,,0,0,,0,0,0,0
1690932236377,8,1010123456004,88,,0,0,0,1,0,,0,0,0,0,0,0,8,,0,0,0,0,0,0,0,0,0,,0,0,,0,0,0,0
1690932236627,8,1010123456004,88,,0,0,0,1,0,,0,0,0,0,0,0,7.5,,0,0,0,0,0,0,0,0,0,,0,0,,0,0,0,0
1690932236877,8,1010123456004,88,,0,0,0,1,0,,0,0,0,0,0,0,9.66667,,0,0,0,0,0,0,0,0,0,,0,0,,0,0,0,0
1690932237127,8,1010123456004,88,,0,0,0,1,0,,0,0,0,0,0,0,8,,0,0,0,0,0,0,0,0,0,,0,0,,0,0,0,0
1690932237377,8,1010123456004,88,,0,0,0,1,0,,0,0,0,0,0,0,8.33333,,0,0,0,0,0,0,0,0,0,,0,0,,0,0,0,0
1690932237627,8,1010123456004,88,,0,0,0,1,0,,0,0,0,0,0,0,9,,0,0,0,0,0,0,0,0,0,,0,0,,0,0,0,0
1690932237877,8,1010123456004,88,,0,0,0,1,0,,0,0,0,0,0,0,7,,0,0,0,0,0,0,0,0,0,,0,0,,0,0,0,0
1690932238127,8,1010123456004,88,,0,0,0,1,0,,0,0,0,0,0,0,5.75,,0,0,0,0,0,0,0,0,0,,0,0,,0,0,0,0
1690932238377,8,1010123456004,88,,0,0,0,1,0,,0,0,0,0,0,0,4.66667,,0,0,0,0,0,0,0,0,0,,0,0,,0,0,0,0
1690932238627,8,1010123456004,88,,0,0,0,1,0,,0,0,0,0,0,0,8,,0,0,0,0,0,0,0,0,0,,0,0,,0,0,0,0
1690932238877,8,1010123456004,88,,0,0,0,1,0,,0,0,0,0,0,0,7.66667,,0,0,0,0,0,0,0,0,0,,0,0,,0,0,0,0
1690932239127,8,1010123456004,88,,0,0,0,1,0,,0,0,0,0,0,0,9,,0,0,0,0,0,0,0,0,0,,0,0,,0,0,0,0
1690932239377,8,1010123456004,88,,0,0,0,1,0,,0,0,0,0,0,0,7.5,,0,0,0,0,0,0,0,0,0,,0,0,,0,0,0,0
1690932239627,8,1010123456004,88,,0,0,0,1,0,,0,0,0,0,0,0,6,,0,0,0,0,0,0,0,0,0,,0,0,,0,0,0,0
1690932239877,8,1010123456004,88,,0,0,0,1,0,,0,0,0,0,0,0,8.5,,0,0,0,0,0,0,0,0,0,,0,0,,0,0,0,0
1690932240127,8,1010123456004,88,,0,0,0,1,0,,0,0,0,0,0,0,8,,0,0,0,0,0,0,0,0,0,,0,0,,0,0,0,0
1690932240377,8,1010123456004,88,,0,0,0,1,0,,0,0,0,0,0,0,7.75,,0,0,0,0,0,0,0,0,0,,0,0,,0,0,0,0
1690932240627,8,1010123456004,88,,0,0,0,1,0,,0,0,0,0,0,0,7,,0,0,0,0,0,0,0,0,0,,0,0,,0,0,0,0
1690932240877,8,1010123456004,88,,0,0,0,1,0,,0,0,0,0,0,0,7.75,,0,0,0,0,0,0,0,0,0,,0,0,,0,0,0,0
1690932241127,8,1010123456004,88,,0,0,0,1,0,,0,0,0,0,0,0,10,,0,0,0,0,0,0,0,0,0,,0,0,,0,0,0,0
1690932241377,8,1010123456004,88,,0,0,0,1,0,,0,0,0,0,0,0,0.1,,0,0,0,0,0,0,0,0,0,,0,0,,0,0,0,0
1690932241627,8,1010123456004,88,,0,0,0,1,0,,0,0,0,0,0,0,7.5,,0,0,0,0,0,0,0,0,0,,0,0,,0,0,0,0
1690932241877,8,1010123456004,88,,0,0,0,1,0,,0,0,0,0,0,0,12.3333,,0,0,0,0,0,0,0,0,0,,0,0,,0,0,0,0
1690932242127,8,1010123456004,88,,0,0,0,1,0,,0,0,0,0,0,0,7.8,,0,0,0,0,0,0,0,0,0,,0,0,,0,0,0,0
1690932242377,8,1010123456004,88,,0,0,0,1,0,,0,0,0,0,0,0,5,,0,0,0,0,0,0,0,0,0,,0,0,,0,0,0,0
1690932242627,8,1010123456004,88,,0,0,0,1,0,,0,0,0,0,0,0,8,,0,0,0,0,0,0,0,0,0,,0,0,,0,0,0,0
1690932242877,8,1010123456004,88,,0,0,0,1,0,,0,0,0,0,0,0,8,,0,0,0,0,0,0,0,0,0,,0,0,,0,0,0,0
1690932243127,8,1010123456004,88,,0,0,0,1,0,,0,0,0,0,0,0,7.5,,0,0,0,0,0,0,0,0,0,,0,0,,0,0,0,0
1690932243377,8,1010123456004,88,,0,0,0,1,0,,0,0,0,0,0,0,8,,0,0,0,0,0,0,0,0,0,,0,0,,0,0,0,0
1690932243627,8,1010123456004,88,,0,0,0,1,0,,0,0,0,0,0,0,7.5,,0,0,0,0,0,0,0,0,0,,0,0,,0,0,0,0
1690932243877,8,1010123456004,88,,0,0,0,1,0,,0,0,0,0,0,0,7.66667,,0,0,0,0,0,0,0,0,0,,0,0,,0,0,0,0
1690932244127,8,1010123456004,88,,0,0,0,1,0,,0,0,0,0,0,0,6,,0,0,0,0,0,0,0,0,0,,0,0,,0,0,0,0
1690932244377,8,1010123456004,88,,0,0,0,1,0,,0,0,0,0,0,0,10.3333,,0,0,0,0,0,0,0,0,0,,0,0,,0,0,0,0
1690932244627,8,1010123456004,88,,0,0,0,1,0,,0,0,0,0,0,0,9.33333,,0,0,0,0,0,0,0,0,0,,0,0,,0,0,0,0
1690932244877,8,1010123456004,88,,0,0,0,1,0,,0,0,0,0,0,0,7,,0,0,0,0,0,0,0,0,0,,0,0,,0,0,0,0
1690932245127,8,1010123456004,88,,0,0,0,1,0,,0,0,0,0,0,0,8,,0,0,0,0,0,0,0,0,0,,0,0,,0,0,0,0
1690932245377,8,1010123456004,88,,0,0,0,1,0,,0,0,0,0,0,0,8.6,,0,0,0,0,0,0,0,0,0,,0,0,,0,0,0,0
1690932245627,8,1010123456004,88,,0,0,0,1,0,,0,0,0,0,0,0,5,,0,0,0,0,0,0,0,0,0,,0,0,,0,0,0,0
1690932245877,8,1010123456004,88,,0,0,0,1,0,,0,0,0,0,0,0,7,,0,0,0,0,0,0,0,0,0,,0,0,,0,0,0,0
1690932246127,8,1010123456004,88,,0,0,0,1,0,,0,0,0,0,0,0,9.33333,,0,0,0,0,0,0,0,0,0,,0,0,,0,0,0,0
1690932246377,8,1010123456004,88,,0,0,0,1,0,,0,0,0,0,0,0,7.75,,0,0,0,0,0,0,0,0,0,,0,0,,0,0,0,0
1690932246629,7,1010123456004,88,,0,0,0,1,0,,2,4,0,0,0,0,8,,15,4,0,0,0,0,0,33.8924,0,,0,0,,0,0,0,1
1690932246877,7,1010123456004,88,,0,0,0,1,0,,0,0,0,0,0,0,6.33333,,0,0,0,0,0,0,0,0,0,,0,0,,0,0,0,0
1690932247127,7,1010123456004,88,,0,0,0,1,0,,0,0,0,0,0,0,9,,0,0,0,0,0,0,0,0,0,,0,0,,0,0,0,0
1690932247377,7,1010123456004,88,,0,0,0,1,0,,0,0,0,0,0,0,7.33333,,0,0,0,0,0,0,0,0,0,,0,0,,0,0,0,0
1690932247627,7,1010123456004,88,,0,0,0,1,0,,0,0,0,0,0,0,8,,0,0,0,0,0,0,0,0,0,,0,0,,0,0,0,0
1690932247877,7,1010123456004,88,,0,0,0,1,0,,0,0,0,0,0,0,8,,0,0,0,0,0,0,0,0,0,,0,0,,0,0,0,0
1690932248127,7,1010123456004,88,,0,0,0,1,0,,0,0,0,0,0,0,8,,0,0,0,0,0,0,0,0,0,,0,0,,0,0,0,0
1690932248377,7,1010123456004,88,,0,0,0,1,0,,0,0,0,0,0,0,8.33333,,0,0,0,0,0,0,0,0,0,,0,0,,0,0,0,0
1690932248627,7,1010123456004,88,,0,0,0,1,0,,0,0,0,0,0,0,8,,0,0,0,0,0,0,0,0,0,,0,0,,0,0,0,0
1690932248877,7,1010123456004,88,,0,0,0,1,0,,0,0,0,0,0,0,7.33333,,0,0,0,0,0,0,0,0,0,,0,0,,0,0,0,0
1690932249127,7,1010123456004,88,,0,0,0,1,0,,0,0,0,0,0,0,7,,0,0,0,0,0,0,0,0,0,,0,0,,0,0,0,0
1690932249377,7,1010123456004,88,,0,0,0,1,0,,0,0,0,0,0,0,8,,0,0,0,0,0,0,0,0,0,,0,0,,0,0,0,0
1690932249627,7,1010123456004,88,,0,0,0,1,0,,0,0,0,0,0,0,8.33333,,0,0,0,0,0,0,0,0,0,,0,0,,0,0,0,0
1690932249877,7,1010123456004,88,,0,0,0,1,0,,0,0,0,0,0,0,8,,0,0,0,0,0,0,0,0,0,,0,0,,0,0,0,0
1690932250127,7,1010123456004,88,,0,0,0,1,0,,0,0,0,0,0,0,7,,0,0,0,0,0,0,0,0,0,,0,0,,0,0,0,0
1690932250377,7,1010123456004,88,,0,0,0,1,0,,0,0,0,0,0,0,8.2,,0,0,0,0,0,0,0,0,0,,0,0,,0,0,0,0
1690932250627,7,1010123456004,88,,0,0,0,1,0,,0,0,0,0,0,0,7.8,,0,0,0,0,0,0,0,0,0,,0,0,,0,0,0,0
1690932250877,7,1010123456004,88,,0,0,0,1,0,,0,0,0,0,0,0,8.33333,,0,0,0,0,0,0,0,0,0,,0,0,,0,0,0,0
1690932251127,6,1010123456004,88,,0,0,0,1,0,,0,0,0,0,0,0,8,,0,0,0,0,0,0,0,0,0,,0,0,,0,0,0,0
1690932251377,6,1010123456004,88,,0,0,0,1,0,,0,0,0,0,0,0,7.25,,0,0,0,0,0,0,0,0,0,,0,0,,0,0,0,0
1690932251627,6,1010123456004,88,,0,0,0,1,0,,0,0,0,0,0,0,8,,15,4,0,0.1,1,0,0,34.8142,31,,0,0,,0,0,0,1
1690932251877,6,1010123456004,88,,0,0,0,1,0,,0,0,0,0,0,0,7.4,,0,0,0,0,0,0,0,0,0,,0,0,,0,0,0,0
1690932252127,6,1010123456004,88,,0,0,0,1,0,,0,0,0,0,0,0,9,,0,0,0,0,0,0,0,0,0,,0,0,,0,0,0,0
1690932252377,6,1010123456004,88,,0,0,0,1,0,,0,0,0,0,0,0,9,,0,0,0,0,0,0,0,0,0,,0,0,,0,0,0,0
1690932252627,6,1010123456004,88,,0,0,0,1,0,,0,0,0,0,0,0,7,,0,0,0,0,0,0,0,0,0,,0,0,,0,0,0,0
1690932252877,6,1010123456004,88,,0,0,0,1,0,,0,0,0,0,0,0,9.2,,0,0,0,0,0,0,0,0,0,,0,0,,0,0,0,0
1690932253127,6,1010123456004,88,,0,0,0,1,0,,0,0,0,0,0,0,7.8,,0,0,0,0,0,0,0,0,0,,0,0,,0,0,0,0
1690932253377,6,1010123456004,88,,0,0,0,1,0,,0,0,0,0,0,0,9,,0,0,0,0,0,0,0,0,0,,0,0,,0,0,0,0
1690932253627,6,1010123456004,88,,0,0,0,1,0,,0,0,0,0,0,0,6,,15,4,0,0.1,1,0,0,34.1146,31,,0,0,,0,0,0,1
1690932253877,6,1010123456004,88,,0,0,0,1,0,,0,0,0,0,0,0,8.33333,,0,0,0,0,0,0,0,0,0,,0,0,,0,0,0,0
1690932254127,6,1010123456004,88,,0,0,0,1,0,,0,0,0,0,0,0,8,,0,0,0,0,0,0,0,0,0,,0,0,,0,0,0,0
1690932254377,6,1010123456004,88,,0,0,0,1,0,,0,0,0,0,0,0,6.75,,0,0,0,0,0,0,0,0,0,,0,0,,0,0,0,0
1690932254627,6,1010123456004,88,,0,0,0,1,0,,0,0,0,0,0,0,6.5,,0,0,0,0,0,0,0,0,0,,0,0,,0,0,0,0
1690932254877,6,1010123456004,88,,0,0,0,1,0,,0,0,0,0,0,0,6.6,,0,0,0,0,0,0,0,0,0,,0,0,,0,0,0,0
1690932255127,6,1010123456004,88,,0,0,0,1,0,,0,0,0,0,0,0,7,,0,0,0,0,0,0,0,0,0,,0,0,,0,0,0,0
1690932255377,6,1010123456004,88,,0,0,0,1,0,,0,0,0,0,0,0,7.66667,,0,0,0,0,0,0,0,0,0,,0,0,,0,0,0,0
1690932255627,6,1010123456004,88,,0,0,0,1,0,,0,0,0,0,0,0,8.8,,0,0,0,0,0,0,0,0,0,,0,0,,0,0,0,0
1690932255877,6,1010123456004,88,,0,0,0,1,0,,0,0,0,0,0,0,8,,0,0,0,0,0,0,0,0,0,,0,0,,0,0,0,0
1690932256127,6,1010123456004,88,,0,0,0,1,0,,0,0,0,0,0,0,8,,0,0,0,0,0,0,0,0,0,,0,0,,0,0,0,0
1690932256377,6,1010123456004,88,,0,0,0,1,0,,0,0,0,0,0,0,8,,0,0,0,0,0,0,0,0,0,,0,0,,0,0,0,0
1690932256627,6,1010123456004,88,,0,0,0,1,0,,0,0,0,0,0,0,7.25,,0,0,0,0,0,0,0,0,0,,0,0,,0,0,0,0
1690932256877,6,1010123456004,88,,0,0,0,1,0,,0,0,0,0,0,0,7.25,,0,0,0,0,0,0,0,0,0,,0,0,,0,0,0,0
